ID,SalePrice
1461,118627.63880249913
1462,157105.04411543458
1463,183846.03555298463
1464,194033.806638021
1465,207635.4368667016
1466,173147.78878993852
1467,177413.35242916472
1468,162454.22625124312
1469,205388.48413836365
1470,115151.39410216469
1471,194715.7280263219
1472,97948.760502903
1473,96125.54744296682
1474,145493.29218395276
1475,111177.87277580942
1476,348273.1106712
1477,259366.85650640458
1478,288470.2813362738
1479,284152.7486501003
1480,445951.2856890616
1481,338430.7283141793
1482,223976.80818253502
1483,178786.3433951029
1484,163158.51951667346
1485,191037.20615510945
1486,196754.86476778798
1487,327928.6956844539
1488,230642.84605207626
1489,197239.8717356759
1490,222917.53958469094
1491,195925.6202890184
1492,95850.79458590342
1493,199961.84398088718
1494,290250.3076775407
1495,288902.8206154174
1496,228842.37298157744
1497,182093.35821574123
1498,163411.84943285305
1499,163873.7409369544
1500,156414.5130339862
1501,169845.1256718826
1502,146947.91114172828
1503,270949.9749941479
1504,245462.5771762836
1505,224266.80016484472
1506,193763.6178689735
1507,241665.93156450806
1508,199074.80941092555
1509,156950.254696279
1510,142819.7067104376
1511,145559.87024916895
1512,171744.89762465094
1513,144562.98921709988
1514,151214.6443016631
1515,190165.16051974017
1516,152635.07843724714
1517,175031.96973668016
1518,135253.6456714961
1519,212486.87847057567
1520,126788.02414147716
1521,131900.04504894392
1522,173416.32124381888
1523,109813.46719069578
1524,126534.61109435545
1525,113702.42167619122
1526,115736.85624499376
1527,104430.8347609907
1528,135443.24040946
1529,146368.3026305516
1530,191719.83465219015
1531,107821.69063932786
1532,93456.51127093953
1533,146376.52777991458
1534,131083.524998574
1535,154246.28477583276
1536,109693.40049095584
1537,72611.42762824998
1538,156954.5910074585
1539,195525.39724692013
1540,91090.55024386625
1541,145981.0734953101
1542,143196.31460317038
1543,197971.3734526889
1544,88853.23353513172
1545,122099.76420526703
1546,137057.48256522184
1547,129149.94595809397
1548,141978.68748091054
1549,123378.02735006045
1550,138859.79946954237
1551,112821.81431608928
1552,130808.01897277983
1553,137633.34803262938
1554,113596.18808062187
1555,164419.7125903918
1556,88105.26483964095
1557,109248.00241151548
1558,105394.94295510875
1559,101580.47274344171
1560,137124.83646161002
1561,123068.10746329428
1562,130292.19226482967
1563,118372.56996942361
1564,160363.36095020192
1565,148908.50362705073
1566,256032.38233518897
1567,79589.38302367597
1568,236781.2706574227
1569,132884.6725012189
1570,142762.4256352629
1571,124684.01170782527
1572,146496.39543779177
1573,232406.2345718502
1574,125982.38301637335
1575,231340.75057735582
1576,243946.1404398708
1577,180774.9767148633
1578,139961.94538458376
1579,148069.3354108182
1580,197986.57448706398
1581,151399.94534751723
1582,121663.96488691588
1583,286704.81086255034
1584,217602.94739165017
1585,136066.34760889167
1586,64981.49640250096
1587,104714.73548610088
1588,154974.66729566045
1589,107951.17380893574
1590,139697.99163138217
1591,91284.32067193305
1592,124315.3856961238
1593,117625.52561195886
1594,124163.45810442806
1595,112704.90529671426
1596,226275.8397735491
1597,193965.23389804148
1598,228878.89869903933
1599,177047.26344629674
1600,170115.3640493263
1601,62362.853151400355
1602,122354.05880732865
1603,92337.44998410845
1604,267063.1847817694
1605,247432.54843839127
1606,170711.05291984277
1607,182562.69199058847
1608,216902.74116788706
1609,185714.04531614814
1610,150934.228550306
1611,144669.1853676759
1612,167409.3122512917
1613,164765.3749918509
1614,126952.4279635543
1615,91306.21000451359
1616,78574.26818400936
1617,93656.9180851852
1618,122828.80971357197
1619,133463.7732200246
1620,175109.9206499667
1621,139615.2883804933
1622,141229.61132302662
1623,261610.84511509014
1624,217087.26377964724
1625,119873.84111416832
1626,177141.2826334187
1627,189312.75584832465
1628,286026.25030162104
1629,185639.30919257394
1630,343862.5163678724
1631,237078.77296300314
1632,257645.62984449748
1633,176383.4496958616
1634,189852.062263156
1635,177725.5852282034
1636,151447.4997495468
1637,194777.8326709561
1638,183627.40909551838
1639,187580.57818376168
1640,250940.06939933304
1641,185061.1366662451
1642,237097.20841463844
1643,218254.12991047572
1644,239269.94129349818
1645,193051.90548599826
1646,155710.92260427563
1647,167295.42030891552
1648,128071.2827467884
1649,138701.04779271933
1650,110047.67836008927
1651,121995.66292890126
1652,101359.50703344001
1653,100977.06532135945
1654,144428.64164025587
1655,135421.83227402024
1656,140937.0910193541
1657,145032.87901718897
1658,145068.9664754335
1659,117193.14973439006
1660,153905.71852859363
1661,400261.48938826093
1662,388312.9006409624
1663,353272.65616613114
1664,482073.8120154517
1665,290728.22059673315
1666,333162.06278778816
1667,357171.5533340523
1668,325185.53620284906
1669,296568.5668069752
1670,331096.92266855366
1671,263761.70010344795
1672,388127.8537793523
1673,291864.1946150132
1674,249825.41450240283
1675,202169.18851892537
1676,202772.1715022937
1677,227782.83092152342
1678,434391.19804958085
1679,368119.40048458264
1680,328800.3782679003
1681,243523.3330600062
1682,314327.2855474333
1683,192048.4987013369
1684,177508.91898683755
1685,173231.4739234259
1686,170740.05488281554
1687,172904.4376508852
1688,191910.66270413029
1689,194997.49120032607
1690,197412.82234939066
1691,188094.30685651462
1692,258756.5598134771
1693,169299.00031036136
1694,181665.99762487295
1695,163825.8638527823
1696,268799.2645342745
1697,167617.4857724119
1698,336900.6780518862
1699,306622.36028358724
1700,250711.6302620002
1701,277600.35597894544
1702,235687.05233016933
1703,231932.80711947536
1704,263902.1162270714
1705,228845.91683275465
1706,367869.8336398332
1707,210096.4043943393
1708,200522.19830211898
1709,263183.28651979205
1710,221400.94137896923
1711,269363.0742048801
1712,257650.5292515969
1713,259078.24062878534
1714,225216.5396889216
1715,212113.93649852034
1716,178877.85905162108
1717,178533.03883086072
1718,133443.6237170204
1719,214994.00873023935
1720,242431.30232052095
1721,159363.15024439857
1722,118840.10800101375
1723,149797.01488655168
1724,206356.54099665457
1725,241697.7306122812
1726,185380.33020307941
1727,159911.96873055393
1728,173922.63504780288
1729,168975.63282665642
1730,160398.93893015236
1731,125061.202963677
1732,121171.67215900631
1733,111859.5444787589
1734,120747.23597353078
1735,117349.36372327086
1736,109235.59885165552
1737,272407.60661966464
1738,240643.5199412084
1739,232999.51583569593
1740,215856.31291501003
1741,188901.46717010302
1742,169171.94502978632
1743,180808.12883307773
1744,299162.17037934397
1745,225101.54218705496
1746,199362.85680252966
1747,219610.06923773972
1748,216843.41910763527
1749,144533.80221068967
1750,133480.3904477698
1751,252747.92580206657
1752,111719.34520242353
1753,150759.3589051773
1754,200412.13939254344
1755,169260.94308207024
1756,118006.86191199475
1757,117066.64537149343
1758,141577.76089266938
1759,167245.51134663293
1760,166101.0611356379
1761,151368.0413651087
1762,173878.27546675754
1763,191263.790383062
1764,115799.93223663492
1765,153156.80450051418
1766,182196.71181936693
1767,211856.27506908186
1768,137748.3234619384
1769,174117.77754604767
1770,146852.52350263574
1771,125819.07805950113
1772,134046.15706493886
1773,118665.08404737378
1774,147652.25030898847
1775,144265.20438651225
1776,124194.1068576146
1777,105211.55297869343
1778,136359.76468719318
1779,112981.33516412695
1780,177333.77394689104
1781,124950.9625798381
1782,84741.31963797043
1783,144251.87378955507
1784,103155.20014153056
1785,118310.93930786724
1786,135617.593689938
1787,166919.67467563786
1788,59287.27517398184
1789,100648.85514651198
1790,77338.36243099504
1791,186878.38068563573
1792,161608.33783025254
1793,137567.17779332708
1794,157779.48045962912
1795,135735.25167289516
1796,126132.52183241262
1797,123702.29782008503
1798,122666.0190298194
1799,105401.32580625686
1800,127922.18745651895
1801,126950.6670667554
1802,142969.84381417997
1803,150776.66877055893
1804,141268.7275306954
1805,136097.43414208654
1806,124941.9566003757
1807,142464.77377408804
1808,118285.61339250674
1809,112889.60354281025
1810,135372.7433147582
1811,95009.4313529487
1812,101700.92789909976
1813,125628.94158728501
1814,90557.53937745471
1815,55031.832067202384
1816,89855.22101547211
1817,110381.9181298216
1818,148583.9407029351
1819,126954.962925308
1820,62962.318075282106
1821,109407.70443858388
1822,147452.64499999647
1823,54389.60369963433
1824,130622.66947928868
1825,139039.7205816975
1826,108116.65328688943
1827,105890.34821465318
1828,137058.48673892923
1829,132690.71727822316
1830,140598.81806937157
1831,151239.92311878176
1832,87696.75511487327
1833,148161.01549350104
1834,122096.82280083139
1835,130405.68945160937
1836,125891.48286873903
1837,81673.8928957297
1838,133010.21494433293
1839,90107.44189012224
1840,145848.2182581258
1841,143524.21004669473
1842,90002.79892346659
1843,131847.85221547436
1844,144364.7586689583
1845,143129.8466027007
1846,155732.9334633129
1847,170639.81663564328
1848,54515.295615957286
1849,109389.702265388
1850,120683.54912747083
1851,157782.54672363537
1852,124777.39192522864
1853,128705.70092864793
1854,169039.5084867756
1855,153913.41249506277
1856,226974.36842732754
1857,140140.31394059563
1858,142266.62558220298
1859,120097.47628194223
1860,142541.51858271117
1861,119256.93533022066
1862,299706.2567846381
1863,282081.3561444975
1864,282180.39211090567
1865,339027.95378147135
1866,313693.3170422229
1867,223765.4149458748
1868,275383.7791915026
1869,202396.02439055438
1870,223015.0714543988
1871,254033.91223734463
1872,174406.62060844188
1873,252176.86542536566
1874,152767.32141872082
1875,204141.06522148236
1876,200414.5958917211
1877,210487.50958622785
1878,201230.07356217617
1879,131482.34512444973
1880,129836.68241796659
1881,246511.64644069484
1882,246057.0929517109
1883,189106.20906804572
1884,205819.99502494562
1885,247014.45874963808
1886,282355.7567701428
1887,213844.36516933766
1888,260758.93640529475
1889,171273.72280134456
1890,124094.95894856425
1891,136450.14315071827
1892,98297.68903856532
1893,131333.48345074547
1894,125151.2866898811
1895,141187.3279390742
1896,124151.4393336077
1897,113966.24461380411
1898,113875.90186158847
1899,150271.5431607446
1900,150116.2536331821
1901,161471.34232641262
1902,154689.67644020755
1903,210752.0664989132
1904,145323.38407783592
1905,202828.7529355004
1906,143803.02891199166
1907,216475.14929124946
1908,106853.95198336497
1909,129715.05666467831
1910,117275.68781181367
1911,230426.39495992108
1912,350534.1769206914
1913,144248.97392635784
1914,73705.87100743937
1915,290855.3200045541
1916,65917.67924798485
1917,250439.8753873748
1918,141403.2837538775
1919,179046.27862604827
1920,165256.73540379063
1921,346381.2099264471
1922,301490.4433581619
1923,229502.4348326074
1924,234423.01667589415
1925,199736.66383757308
1926,345107.80289506377
1927,135645.9087464733
1928,162251.8932795006
1929,117605.89764200884
1930,131225.94476033203
1931,137486.31491565358
1932,141484.29856802
1933,184307.9469685415
1934,182772.6893441184
1935,172149.95449349182
1936,196685.61865749894
1937,187597.67898723786
1938,174904.11742232315
1939,253109.8911729542
1940,200238.34851657564
1941,168134.45093688683
1942,189226.86047418707
1943,232730.0631640273
1944,354483.5759386387
1945,380712.71113493736
1946,156697.4018966881
1947,309926.30449977075
1948,170328.11991341235
1949,236001.99645001467
1950,190425.8520344668
1951,250991.4422090705
1952,213272.4080230203
1953,163728.15281033446
1954,188611.110618686
1955,137628.32189664114
1956,297931.94243037543
1957,153733.2870983862
1958,283706.64916991
1959,145387.43450626498
1960,110653.16350767096
1961,116090.949118753
1962,100142.67391653065
1963,106555.2610357658
1964,106485.04015610494
1965,141910.66580176665
1966,139806.64596022814
1967,297875.9545121174
1968,390517.85403649893
1969,363319.25107854046
1970,402749.57840968436
1971,460049.66300371866
1972,361237.7832537072
1973,276675.3264053535
1974,320725.52755807125
1975,542361.9395498402
1976,273215.8596902248
1977,340294.4954680782
1978,346689.44919401285
1979,336547.99102221086
1980,214301.38113546575
1981,337849.77179442317
1982,229276.74636940967
1983,215822.6038977596
1984,177635.37262507356
1985,227621.24112767001
1986,208669.38218545995
1987,189989.81583329153
1988,171761.72914018447
1989,193884.9499993377
1990,207168.45278264573
1991,240420.5658172539
1992,215266.6297022625
1993,169519.68966917746
1994,233960.1727519968
1995,184622.62819673808
1996,247615.84465122691
1997,302901.8268440716
1998,301766.88652698643
1999,271607.60546826635
2000,309026.9082483415
2001,267281.8639273644
2002,230198.79660002037
2003,249551.66791286477
2004,282741.19873509184
2005,219529.8929446225
2006,228364.91123335322
2007,245950.62326490346
2008,216600.02466068947
2009,198094.1320769094
2010,196695.86107765022
2011,137435.70080740718
2012,171898.3919543223
2013,177883.31081317557
2014,184775.59761414534
2015,213852.69281138128
2016,192740.98313510598
2017,197564.06100574954
2018,115864.17286045624
2019,127841.16775143144
2020,108129.08720724074
2021,101961.66004180099
2022,181835.44522482713
2023,144986.38827964177
2024,265535.91267904046
2025,357849.430526301
2026,177675.02311906705
2027,157865.8565766284
2028,156486.58971171625
2029,168372.11027748426
2030,261524.28764553464
2031,230905.60953884694
2032,245928.9165989676
2033,249385.20173655546
2034,173116.58127605935
2035,225398.8602646066
2036,204556.4695827882
2037,206282.90670791373
2038,332498.77991739113
2039,247773.1457036292
2040,271108.38236635475
2041,271532.8367738041
2042,207332.75101526338
2043,175556.2222728978
2044,174084.34773652794
2045,215219.9123621671
2046,141931.0842273481
2047,141157.21321446952
2048,138643.23516558742
2049,148689.79415885793
2050,175035.43939633854
2051,97045.29583690193
2052,123940.58632074572
2053,148809.34923765872
2054,89876.65860477554
2055,152582.87329005307
2056,142052.77425174674
2057,116474.53419399257
2058,215109.38816935854
2059,131866.4922897944
2060,171836.79993826043
2061,173409.23964548463
2062,127948.21614167493
2063,112797.10723942547
2064,132147.11556853988
2065,110167.6328290625
2066,167176.91864993254
2067,109278.8207199463
2068,151910.5951616399
2069,83375.64384919137
2070,109244.2067226802
2071,92954.82089855836
2072,137800.50819823396
2073,126478.46007060983
2074,187172.65185269344
2075,144817.53970607542
2076,114953.59349747312
2077,153007.72766669714
2078,125663.50459504387
2079,133816.48445662102
2080,114962.46908695746
2081,127894.74009841046
2082,128470.14458013778
2083,146425.02112901953
2084,103156.31076773559
2085,113728.31561365056
2086,126555.99592139284
2087,128429.68033294562
2088,106481.44579052093
2089,76986.4157257083
2090,130007.43076528536
2091,100760.1112750563
2092,119470.19158970223
2093,125347.49827806636
2094,106876.73491310854
2095,142028.03027630958
2096,82745.82562695406
2097,97735.60433013178
2098,143517.27679404608
2099,52185.41261087709
2100,90942.96704339856
2101,117931.06909765936
2102,130373.62887604692
2103,100754.6026414372
2104,143301.72213872103
2105,123202.87268302777
2106,78152.36921021751
2107,190535.82268276892
2108,121373.32226135187
2109,109368.88028076764
2110,136440.09773907345
2111,147811.5718041184
2112,142924.23177178326
2113,126210.94362452219
2114,126666.01562699863
2115,167667.8784501498
2116,118020.08034364265
2117,158510.9667006875
2118,127051.88383363611
2119,115559.29527985828
2120,121173.25256298778
2121,99976.07881772058
2122,112703.8784774324
2123,84374.48141664403
2124,165129.12460051835
2125,134831.92378656834
2126,158468.70023197326
2127,154485.86164630557
2128,121533.82692282839
2129,92340.6225232485
2130,132476.26094533195
2131,144121.62460933602
2132,117563.2570228294
2133,120975.88192809874
2134,117479.51754516477
2135,86125.43765450947
2136,75113.48708605253
2137,110525.64067736639
2138,131613.07187300114
2139,154685.33590996495
2140,142772.56195131235
2141,152878.74921938407
2142,128365.78437467704
2143,145890.93248720944
2144,120868.74072191723
2145,133840.1103094002
2146,166062.77557577335
2147,141557.13340112925
2148,142717.357494104
2149,142337.10413741376
2150,243724.91512688715
2151,123292.02656548351
2152,174981.765480904
2153,160797.80368143102
2154,107591.32540683345
2155,139590.8274159408
2156,253558.09609920776
2157,225207.4358682834
2158,241822.97758972415
2159,211649.13621453155
2160,191020.3144792768
2161,234976.8582578582
2162,377829.96171726595
2163,326122.309242954
2164,256384.89533348806
2165,211742.58335167688
2166,153533.1066353629
2167,219671.98398560612
2168,195272.54419870072
2169,197639.1548203937
2170,223121.97634667586
2171,149940.64498859245
2172,134301.89070441984
2173,167756.17437920868
2174,223105.1296865588
2175,296225.6698333188
2176,304776.5076742154
2177,240146.8248877077
2178,216215.60041772446
2179,135909.25552480275
2180,214226.4347102456
2181,196192.96353038453
2182,222760.2671095251
2183,193231.7803268873
2184,123091.45610551654
2185,125443.57363412439
2186,146438.2056533433
2187,160202.91110988474
2188,163262.4672393095
2189,272938.01626012666
2190,77738.94272254972
2191,80958.65628561139
2192,88189.57196359706
2193,105987.1780779372
2194,98251.27653723235
2195,104931.47112551235
2196,101474.60417270847
2197,117317.04368625915
2198,145519.89225367614
2199,169074.11260285554
2200,153781.02010875064
2201,145859.33999257794
2202,216262.12686735665
2203,135054.02134179333
2204,172552.3081917771
2205,124145.00696726529
2206,147838.26610553148
2207,218314.914594754
2208,268917.21915393084
2209,242854.5761483599
2210,117989.34956964981
2211,113769.76570509425
2212,119162.64567721853
2213,100593.96977418348
2214,133426.06452323348
2215,98544.17727218574
2216,151820.82253495208
2217,68871.01575282235
2218,91136.28639395423
2219,87338.08694078049
2220,86892.6463703113
2221,292112.9386807263
2222,263992.04792980297
2223,271410.39763806126
2224,210232.31964785128
2225,128138.45398746798
2226,179029.84004732748
2227,195005.59543112424
2228,263902.4330102101
2229,260873.21774762528
2230,150101.1137397278
2231,214249.61265373643
2232,175657.34469408196
2233,182616.05155665573
2234,235707.2604237322
2235,210734.35282930924
2236,254980.910468508
2237,290910.4011082105
2238,198385.56716577784
2239,110371.10639573213
2240,154990.40796689288
2241,150637.45077945731
2242,125397.89747576212
2243,131678.71246371555
2244,109505.54789325883
2245,101145.08005151608
2246,143053.44746673745
2247,115161.5582320721
2248,117598.10271850269
2249,118640.95493586961
2250,126155.1591379044
2251,131410.60068710844
2252,179385.29108524258
2253,153105.814363877
2254,185746.40164569108
2255,188400.59946206948
2256,177649.8460917683
2257,204765.5192542926
2258,160765.24920691867
2259,177054.2104389377
2260,158725.2177790347
2261,213982.5460288721
2262,228574.39398562035
2263,359347.54040134203
2264,501243.65300442564
2265,179418.6724324738
2266,307472.4288554096
2267,360848.4377406669
2268,445688.5907032491
2269,155212.09668694212
2270,197103.2070773037
2271,211437.86045659397
2272,198988.28415762354
2273,160596.54983200546
2274,178400.75483165547
2275,162359.05397533748
2276,189966.75392498611
2277,179885.88251231128
2278,144559.02407793514
2279,123723.91082405682
2280,115808.19833549604
2281,164713.87494772903
2282,189239.2903694283
2283,109731.48758394655
2284,113104.27258605367
2285,141611.06731948876
2286,122504.83364480315
2287,369842.88630221534
2288,278888.9043114797
2289,377620.4005954887
2290,448182.270383255
2291,326222.29927650996
2292,426282.78650045476
2293,456703.6160939651
2294,388614.3157598407
2295,475361.82586922176
2296,297224.4891314439
2297,347649.9094513851
2298,328199.65642784734
2299,339259.2863617727
2300,326053.9874023255
2301,311791.5015956599
2302,254844.56066408756
2303,256711.48766226933
2304,268795.9833930997
2305,209661.00380695998
2306,197636.93202112595
2307,206446.0628410404
2308,241873.46953317465
2309,280438.6667073006
2310,228337.69072758217
2311,210073.78886808746
2312,182511.57481627373
2313,171300.83550017732
2314,183427.60302319686
2315,183655.55931017522
2316,201234.7680595285
2317,190708.0965697216
2318,183051.85596561467
2319,188067.17171061903
2320,185549.9177671698
2321,242298.35114419804
2322,182277.3128675234
2323,197616.7292479316
2324,178728.7266424735
2325,219993.40489606987
2326,175863.56346524117
2327,201442.922182022
2328,221568.57328495526
2329,193836.6690584431
2330,179752.31517626028
2331,337362.56568852114
2332,385896.05111014243
2333,315207.61938468035
2334,252274.09411644505
2335,278907.4656284914
2336,300697.611007956
2337,195971.4468819629
2338,261668.26972741095
2339,215005.33258536586
2340,369767.0640169308
2341,214376.98818387825
2342,230945.8126114415
2343,223006.14554190397
2344,204701.74377931183
2345,231293.38478646567
2346,222203.31662634073
2347,201976.86640222705
2348,253448.4143972822
2349,183667.36895435362
2350,308082.38181166665
2351,251247.5019963643
2352,249107.6829602475
2353,234021.5027045238
2354,138814.9979965844
2355,143218.78326274062
2356,147133.73427259893
2357,187972.7314931235
2358,197215.52626218123
2359,136852.1766643447
2360,115286.22820661652
2361,141824.34491502334
2362,269801.2470902192
2363,140128.18839412867
2364,155176.74167367473
2365,221325.27292694466
2366,202403.14821721805
2367,235047.28399374147
2368,216648.82642868877
2369,228627.98016416372
2370,168675.99827253027
2371,162832.76477451692
2372,191011.47505898
2373,279374.3790145038
2374,315218.1173247661
2375,260710.58689987153
2376,270017.8082270098
2377,339788.0032120725
2378,143334.42472135933
2379,195721.17511096352
2380,143793.28244718123
2381,169712.6728623355
2382,206841.4189934992
2383,196746.113779632
2384,236424.4722355446
2385,163730.22616367077
2386,131445.74244056176
2387,134366.67034217878
2388,97041.34969929804
2389,117790.22171928488
2390,150730.7654247623
2391,142658.98732494636
2392,111691.32551094901
2393,169493.88088275827
2394,146607.09257210404
2395,209739.01719094123
2396,144315.28341666664
2397,222337.28196837252
2398,129312.03802604409
2399,70134.11809018352
2400,70004.91406306971
2401,115695.92559978532
2402,136838.2960224639
2403,146670.05353131628
2404,148601.1890816792
2405,160252.66282637155
2406,136864.6543609292
2407,125529.45580421638
2408,148705.773156745
2409,121754.7063535254
2410,170681.42685428497
2411,110594.22299261874
2412,149172.95809609257
2413,129908.16396294365
2414,155422.8715578711
2415,136076.78275925337
2416,125942.48447966194
2417,127052.78079264835
2418,124746.62048856493
2419,129348.88301706745
2420,118472.77561438897
2421,142667.08487698372
2422,110609.08176074852
2423,116594.74595276438
2424,161249.9450348209
2425,200415.0930641725
2426,126392.04006247826
2427,125574.99589341252
2428,180133.10810293414
2429,112047.51163159948
2430,129937.69481215515
2431,107101.15872222307
2432,150936.152780662
2433,143569.02452720006
2434,139954.18691928347
2435,157418.6503472904
2436,101975.9934419811
2437,105684.05965221304
2438,119413.66332458676
2439,104593.94314569517
2440,122209.93792282577
2441,104396.2313838505
2442,94906.69211773714
2443,114295.33976341832
2444,126774.14990705479
2445,90536.61991687417
2446,127151.14136569362
2447,193786.65042550326
2448,135014.5867246048
2449,111483.1434015538
2450,149651.29265183024
2451,122483.72621630729
2452,180385.5356509826
2453,88821.59944759369
2454,114900.93732211449
2455,120900.51441445373
2456,132596.07479053736
2457,135741.17647110295
2458,129038.36984976532
2459,110143.99820955886
2460,150016.80559857548
2461,127593.66061163567
2462,135622.14751320277
2463,129042.17948866125
2464,166774.41043846207
2465,146447.02583927524
2466,115284.02587951814
2467,139444.30397699945
2468,87054.76694184949
2469,82113.74153180516
2470,196318.54789305414
2471,214302.14111612638
2472,167746.66798335273
2473,113994.70777652011
2474,104755.02406638919
2475,210506.8616829861
2476,119178.04576673235
2477,125949.59604120872
2478,158239.92666627237
2479,103663.44240167833
2480,154083.10087709976
2481,121196.68282888555
2482,126347.27476515826
2483,110538.23153226181
2484,123384.9885065435
2485,123279.6239665678
2486,161030.88260085817
2487,167385.9494917199
2488,158211.01579282
2489,153103.02509378648
2490,140977.61957118343
2491,90023.27996483093
2492,194210.23297256595
2493,157209.23777035403
2494,146961.51426433778
2495,94326.0695934723
2496,238445.4155225622
2497,156070.39187593557
2498,103258.85670500941
2499,88029.59199874024
2500,124476.9914500971
2501,139380.29805371794
2502,148530.4313894546
2503,106984.33470213634
2504,171561.39540426803
2505,231403.8672696757
2506,253070.0414326385
2507,287829.19251944195
2508,254478.72077866204
2509,219001.8285973481
2510,221376.49948919402
2511,173311.7260802454
2512,213381.35249362816
2513,224031.70617839374
2514,255440.74047023396
2515,151464.31808468464
2516,175235.08783073194
2517,147022.76606766225
2518,154293.26026837333
2519,246244.617842403
2520,224308.53961802245
2521,188592.5409706036
2522,223841.92385835084
2523,115061.24554518795
2524,135681.01604405075
2525,145155.89784050494
2526,140973.43413777492
2527,121961.30757801088
2528,120407.37925441303
2529,133716.5067764912
2530,116024.52153924291
2531,256825.22921479188
2532,227096.62811295013
2533,193245.78558479517
2534,241876.14923348345
2535,290437.6303243074
2536,233493.83323022237
2537,250223.83742833414
2538,188972.3127871425
2539,190768.9226248584
2540,182824.9863076739
2541,184006.54435477627
2542,161046.03015766546
2543,128973.87147860887
2544,119126.74156788741
2545,140875.98022409037
2546,130287.52674671107
2547,145237.2421182488
2548,161015.4077909655
2549,162590.2057436379
2550,707968.3652950744
2551,147468.87834742968
2552,131838.91184203883
2553,74933.57859475509
2554,96228.13110930349
2555,115746.4954587064
2556,96780.29864124168
2557,102483.7903794768
2558,123078.13596103911
2559,140678.50689919668
2560,154464.39679759752
2561,142715.1046655044
2562,144562.0550893309
2563,146607.57930458698
2564,197279.65367841086
2565,135245.80064277854
2566,156270.14515294216
2567,145745.7621585516
2568,204485.04920696813
2569,226852.27344138626
2570,116657.90238036761
2571,193905.8023745159
2572,163386.0146666987
2573,228176.24819871123
2574,349426.04154638253
2575,134299.22335792094
2576,113348.92459103366
2577,130272.69737994512
2578,83746.68119277303
2579,59021.77207417042
2580,114331.56118737093
2581,123775.51844969395
2582,127455.11067348381
2583,295147.3594218211
2584,180069.5919386169
2585,185600.68515890566
2586,225367.74703447058
2587,205373.72935409652
2588,146486.05184277025
2589,147579.98689664685
2590,201383.62347363215
2591,217484.88698005333
2592,216134.414905125
2593,250441.97283597486
2594,190187.06470714766
2595,199041.1191020647
2596,278410.3687355516
2597,178977.62513807826
2598,286120.51199726894
2599,351589.5986899064
2600,150426.64984297156
2601,136089.7907638443
2602,88080.94274153314
2603,95448.81262849404
2604,86490.6004308647
2605,79780.77735554689
2606,142604.38764068854
2607,199949.4710772943
2608,191099.82734147244
2609,166439.51194018932
2610,100956.39919212558
2611,128528.61130264783
2612,158687.07485176058
2613,126478.00317057145
2614,121370.88032327045
2615,155232.09929726995
2616,141519.1953246506
2617,182543.54036223106
2618,194569.76598344572
2619,200564.09445382564
2620,184764.00996139424
2621,175748.27689791654
2622,181515.6745138589
2623,242374.58464670842
2624,311715.6318307731
2625,295644.07179732196
2626,169553.39884571396
2627,173372.11815898278
2628,475302.4290837673
2629,506329.64981240657
2630,400782.15937978
2631,473648.53812659776
2632,395498.245098412
2633,316818.6917320973
2634,408319.3016678557
2635,158072.83270665086
2636,178367.99615272752
2637,177191.04997313675
2638,265582.73053720593
2639,187256.0489171708
2640,144422.10552546743
2641,100977.84192841656
2642,192708.09139826617
2643,106324.57165337668
2644,122404.01849158743
2645,110090.97622628546
2646,97144.74228634445
2647,107856.747523465
2648,142888.0591783655
2649,150154.7756056296
2650,139337.51772407955
2651,141278.76527692997
2652,404083.93069390306
2653,257378.0690216394
2654,261286.24019983117
2655,381276.0715263758
2656,328206.46256046655
2657,344185.02616756526
2658,302805.3833898131
2659,321555.8827519617
2660,360620.79249266075
2661,361795.9578194149
2662,350798.4995628269
2663,297740.5077980083
2664,272083.8975691256
2665,325717.35635145975
2666,293901.0433235572
2667,175216.3677433449
2668,184806.46921797097
2669,185819.28441845093
2670,276876.5602625845
2671,191558.01090803463
2672,201384.60094704322
2673,197141.66437823582
2674,194891.4073883634
2675,181612.91475244565
2676,192957.70447230132
2677,196420.66845036487
2678,254101.701655792
2679,275364.88853587554
2680,289249.76931577333
2681,363846.73260303354
2682,304622.2190539852
2683,455655.6497603438
2684,322687.42482911044
2685,314494.48755358724
2686,252187.53286084102
2687,293264.43775242125
2688,218088.92003952214
2689,216184.8086391452
2690,387211.08905157965
2691,188435.29774665248
2692,140427.63157849753
2693,206746.74921724628
2694,135785.85907431983
2695,191515.38648757714
2696,183582.63740770135
2697,184227.8195282287
2698,188987.59662361274
2699,180630.02547645074
2700,161725.84429599255
2701,146915.9378316794
2702,111829.18573359861
2703,126586.85828250472
2704,144444.93538188428
2705,116798.17907333636
2706,104965.79976553179
2707,117364.76540588019
2708,130702.4291300505
2709,99789.86880215729
2710,121398.06629382877
2711,285512.0561364517
2712,356268.89506874606
2713,170270.11373962942
2714,148391.7398079754
2715,165022.57948645332
2716,146180.81645019486
2717,198730.54228020753
2718,219831.87738888903
2719,149238.25882490145
2720,175695.39323140364
2721,130857.82814682458
2722,161240.65710422045
2723,145580.69803239562
2724,126926.44956085713
2725,128585.47104047838
2726,146995.96092528536
2727,192349.81280010176
2728,179650.624791128
2729,146166.02943395157
2730,147264.93766295855
2731,118390.59748828497
2732,130849.65397681146
2733,157900.830490951
2734,141991.8976170748
2735,131407.30443827136
2736,139954.56243002543
2737,116262.65665330834
2738,140737.085205901
2739,158353.9203279434
2740,132586.46625269597
2741,151890.69907986082
2742,152173.568988681
2743,152918.4230678153
2744,156891.62187331295
2745,138737.75634395037
2746,134336.4970200412
2747,140735.39822380044
2748,116570.81412846068
2749,127570.14666873435
2750,129604.6277849341
2751,128233.03300597351
2752,206749.73204572767
2753,154412.0047545691
2754,205875.62371416728
2755,133633.0502360296
2756,88396.60832533435
2757,72119.56037171162
2758,84893.26567577249
2759,147888.82748654726
2760,120147.38517693589
2761,140402.9821410831
2762,144845.63997889013
2763,181345.83729838516
2764,151925.5930673779
2765,277616.2361480577
2766,111979.31570644116
2767,89403.97794875625
2768,130140.3900518139
2769,134849.07630635088
2770,143501.66087442572
2771,105053.06696847342
2772,108659.42571942316
2773,155680.99977752386
2774,141947.349180043
2775,123210.66188742372
2776,137007.03129571318
2777,145986.28869878044
2778,104703.31171558621
2779,123754.9852490407
2780,103649.23931941074
2781,94743.47684611936
2782,93504.82958367745
2783,97613.50370152683
2784,123609.8483132334
2785,130717.36144311404
2786,64517.56022177076
2787,124613.82380510715
2788,77975.15256996192
2789,163413.7062194322
2790,93760.35872187174
2791,113275.52384119002
2792,72173.49941623259
2793,146287.9271507163
2794,97673.71182142198
2795,123303.26792224018
2796,100781.5266726511
2797,207618.16266047605
2798,112473.65519611363
2799,117511.39334557543
2800,71510.39199391857
2801,104241.08052868051
2802,129912.09336928236
2803,173086.92758571147
2804,131269.27924890807
2805,95888.13467214159
2806,81509.36546736484
2807,162290.63111242309
2808,140559.19417727008
2809,133433.05199054512
2810,124294.05648624533
2811,157755.3106789906
2812,173563.20947278498
2813,160298.2959913276
2814,162997.98703174756
2815,103832.07672574882
2816,224236.2882581249
2817,145872.6298307925
2818,126490.38066705747
2819,172418.03731887438
2820,134496.36045341176
2821,109620.89640449166
2822,191908.97746322912
2823,305276.8788751947
2824,170996.42696481076
2825,142345.00543313668
2826,129635.35393363932
2827,143217.8212872459
2828,218604.07235646644
2829,203456.88638860942
2830,236492.02168541463
2831,177961.47330494344
2832,247933.189335
2833,297885.8629835907
2834,234174.70252649375
2835,230672.95913835726
2836,190892.03450147563
2837,172495.68316337303
2838,145699.8629768362
2839,170810.67554891444
2840,206373.27357802217
2841,204810.98699177068
2842,232346.40753503752
2843,149598.81815169365
2844,168146.36246327666
2845,119037.68371919097
2846,209857.58745975318
2847,210678.60458164665
2848,221005.4909198007
2849,199293.08475996644
2850,272719.10828748246
2851,219055.43082853188
2852,230749.17729401478
2853,236525.91531850662
2854,136519.1504151364
2855,201200.75335288758
2856,206984.64599528522
2857,189444.0578073368
2858,214299.72675981777
2859,120594.77772352428
2860,136703.66736538432
2861,132895.45565911115
2862,195890.19981637842
2863,128815.62487897488
2864,232123.55741445094
2865,154823.27207428287
2866,143843.6215516959
2867,99256.75874416766
2868,100840.97612956056
2869,99587.20478963936
2870,130325.57482144336
2871,85872.94055469916
2872,48705.54054901553
2873,105364.75873447227
2874,142409.07727956361
2875,122888.47120143421
2876,158713.2452585643
2877,132765.53708413162
2878,157218.8934335635
2879,139849.4346760016
2880,110101.46816830592
2881,148987.4928420579
2882,169860.9895592164
2883,193676.92983485962
2884,197997.18901202577
2885,179001.96139949642
2886,229990.72684077683
2887,99093.89679548494
2888,137680.1533387538
2889,59707.099650981996
2890,79496.31928678624
2891,141410.55065019976
2892,54043.05408482527
2893,95500.98572337873
2894,71286.69621602868
2895,323701.9221659309
2896,275465.9525989204
2897,220477.86064388804
2898,159104.64737031475
2899,205427.37217676334
2900,160243.8495941604
2901,213990.29873505633
2902,175876.01864764004
2903,311752.3378668561
2904,337706.1704709396
2905,80803.28563400976
2906,199124.10533603266
2907,111526.86358868997
2908,129515.11457399084
2909,162926.49636365884
2910,73547.19590056187
2911,86779.52454481128
2912,153065.3586610444
2913,80275.38399652182
2914,79101.84149517879
2915,86966.01659497595
2916,81570.55845232402
2917,165003.69884883313
2918,117248.42412712661
2919,224431.61306883278
