ID,SalePrice
1461,119498.83858468356
1462,156928.30930925137
1463,185810.36951892334
1464,197921.79582646306
1465,204608.76114557107
1466,173141.2167834593
1467,175600.49034582064
1468,163123.25405916406
1469,206900.32053062881
1470,117866.73613865586
1471,197093.4039194298
1472,98527.43321813758
1473,96822.25636596775
1474,144323.25951885662
1475,110647.12492165693
1476,346491.9040584606
1477,254631.42869984423
1478,288997.94018764864
1479,284051.12993307045
1480,442828.7422475996
1481,334261.7410388849
1482,222776.99992213657
1483,180784.76878216726
1484,163419.41138140362
1485,189641.41189427953
1486,198593.02484104398
1487,332489.26657192124
1488,245093.23410067373
1489,194965.87884404985
1490,228405.45505555815
1491,195998.67713307455
1492,92615.31084877781
1493,198610.97675311106
1494,305869.5549250699
1495,290527.0195756805
1496,232997.7171823477
1497,182404.22779297136
1498,161837.245449935
1499,158916.4470638164
1500,151466.9519469854
1501,170557.38776582276
1502,145934.79003289764
1503,265886.67655088607
1504,245439.67612121615
1505,225235.31672647677
1506,191244.58789727048
1507,244621.5630739888
1508,198840.58649559467
1509,157527.09533503422
1510,143775.28060587728
1511,143325.77972418486
1512,169260.43998059854
1513,143039.46929372783
1514,152323.94659176093
1515,193074.20455753774
1516,156075.14587367643
1517,176852.2308169774
1518,136330.35137658363
1519,212682.64870198892
1520,128034.25034164391
1521,135165.27524484642
1522,177157.8941879424
1523,113186.86252486687
1524,125439.38802349854
1525,117374.74351261121
1526,119769.69005043921
1527,103980.15657649083
1528,140135.79623825377
1529,150119.38431056938
1530,189477.2509655823
1531,108064.70576846805
1532,96529.80661732258
1533,152077.71202004096
1534,129945.29878265772
1535,155812.19173473242
1536,112603.01439681035
1537,74072.45505038169
1538,152458.62309715495
1539,190781.48164724922
1540,91726.71011143891
1541,148542.65175261442
1542,149948.28112144102
1543,189711.364400679
1544,88385.44101118212
1545,126289.4961579302
1546,139745.6953325455
1547,132608.46356438848
1548,147235.3071406514
1549,125510.93670592004
1550,139935.5435821088
1551,114705.2276477943
1552,135776.46052192917
1553,143968.54562410314
1554,116956.16359041065
1555,159820.08632369238
1556,84125.3831400342
1557,114960.09802276148
1558,104159.58606455872
1559,107841.6830451498
1560,135416.58220884248
1561,120080.00854796694
1562,128224.42641765716
1563,118787.63311698938
1564,167249.7615035783
1565,156648.566382778
1566,243606.0319833793
1567,79327.13163804286
1568,223081.12757110954
1569,136240.52270040437
1570,140824.21251241636
1571,125762.18005651947
1572,146385.50852192452
1573,240894.50877366975
1574,128038.48085986501
1575,234151.38225538158
1576,246255.3023062936
1577,179950.51886854792
1578,142116.56099988855
1579,149806.14790335376
1580,197647.47487893305
1581,157158.92027480036
1582,120677.9023779445
1583,288921.1421146597
1584,220350.35319813024
1585,138657.09668390185
1586,61702.93562124012
1587,103610.2425295422
1588,151976.0941446622
1589,105550.9163453632
1590,139736.05561109132
1591,94725.5949049657
1592,121811.56623226909
1593,120013.45260318078
1594,126116.82799778722
1595,122473.98340151498
1596,234429.99044353105
1597,194768.40322821194
1598,226250.9247097981
1599,178096.77661806342
1600,171885.14729172914
1601,62808.36262683724
1602,118171.37393103783
1603,74939.52535094878
1604,275425.77411534934
1605,249549.00463210727
1606,171379.1476731291
1607,183016.221373987
1608,216551.75697357015
1609,185692.51844383558
1610,147318.02440153254
1611,144805.3365522897
1612,171025.3023450579
1613,168559.4376995443
1614,128203.3531784802
1615,94593.80555583045
1616,83851.09925307341
1617,95986.1263309709
1618,123243.81330930142
1619,135373.12389593566
1620,175593.52854878348
1621,140685.69454282554
1622,140543.85456774724
1623,267759.7455127289
1624,218851.72868456552
1625,123455.6450742224
1626,173520.226449626
1627,191843.5290667274
1628,287816.9921530666
1629,181766.69605142344
1630,355813.8453022772
1631,238660.99382731033
1632,259961.63286742373
1633,174980.1380368516
1634,191233.67478442428
1635,175253.99364786086
1636,151983.22895379632
1637,198221.27502652007
1638,195801.2055349972
1639,186776.1234626572
1640,245298.06938861083
1641,181163.93617515874
1642,233783.3475735378
1643,232585.0344777629
1644,240663.9853658565
1645,192220.64333487698
1646,154745.18199832394
1647,166770.3040584207
1648,128841.37305237833
1649,138432.98603100586
1650,112774.40771690951
1651,121739.77641340921
1652,99855.7272110464
1653,102391.87794623757
1654,144936.27678632608
1655,137441.80827739858
1656,138567.77660095826
1657,146217.78208302372
1658,146224.81915282007
1659,117980.3860269764
1660,154469.2541941533
1661,396277.2988698338
1662,387928.4614688594
1663,348511.5441995793
1664,498210.07593919954
1665,290380.79254901555
1666,334173.1516296819
1667,351851.69484194077
1668,318919.5965637335
1669,293159.7776294298
1670,327372.5883211315
1671,258456.0331557721
1672,383762.6300325434
1673,285448.03315104055
1674,246323.62274030308
1675,199102.00042656198
1676,196626.90172128138
1677,225062.61382600345
1678,433988.9351839185
1679,364082.55258787674
1680,326537.73284160154
1681,242559.97135140657
1682,313385.04444223526
1683,191407.79848275482
1684,179179.7134867238
1685,175188.42986288
1686,173066.01526588498
1687,171565.12412762697
1688,193246.19112603558
1689,196687.9033566389
1690,198601.00680355018
1691,188804.99998404997
1692,264018.7636305471
1693,168521.0627712844
1694,183810.05724844465
1695,162965.26208394414
1696,285625.75841210067
1697,168379.5001355131
1698,340414.8168558225
1699,304295.6973911507
1700,252634.8840172184
1701,277033.9553615935
1702,248174.01031848017
1703,247386.93993476883
1704,276432.39808287926
1705,241698.5349899802
1706,392444.2638227123
1707,213119.62076721885
1708,198742.43020979737
1709,262198.9486317007
1710,221061.4220922585
1711,269130.48982697155
1712,257797.23950124954
1713,257695.81560677223
1714,225156.35687091484
1715,209762.3297699121
1716,181190.10274935025
1717,179226.11294718218
1718,138574.7467332532
1719,212418.71264936408
1720,231368.13646549385
1721,165590.40281085676
1722,127093.09830816118
1723,153111.65746473277
1724,206818.79086668743
1725,241193.71547888155
1726,185338.12133005462
1727,163428.70005254363
1728,177408.83549766184
1729,167139.50869658115
1730,166116.45668743862
1731,123608.55557695389
1732,122837.82776372811
1733,114019.55518133275
1734,118637.98725568762
1735,121804.6306333053
1736,109568.03679277132
1737,272008.538462137
1738,248978.70673943846
1739,228296.22655501083
1740,215474.8597670633
1741,187431.37051015376
1742,170193.16108518187
1743,179592.33438928807
1744,292480.9289307927
1745,220818.22197702216
1746,202730.62210098436
1747,219929.7464140888
1748,216344.2815194419
1749,143804.76285808496
1750,133751.45775128462
1751,249033.32721889723
1752,112076.55352059707
1753,152256.6193161683
1754,200456.92060105762
1755,168212.68071885256
1756,122052.3337313307
1757,117952.59180768165
1758,141334.53570583198
1759,167219.35279384998
1760,164545.95630479415
1761,151286.92027396974
1762,175624.26719192605
1763,190227.148933179
1764,115928.5316768848
1765,118701.4042693992
1766,186864.45805869473
1767,215418.88410945603
1768,139980.71489453025
1769,177132.08159727918
1770,147165.88214115426
1771,130137.82301773007
1772,137870.4032144776
1773,123352.4419929051
1774,152172.0233788003
1775,142415.9749711308
1776,122664.49116191009
1777,103703.3100625091
1778,137687.33973933305
1779,111839.51373828725
1780,184931.66358943252
1781,126716.93331911476
1782,84684.48567510558
1783,140654.82278394583
1784,102469.96244456925
1785,116205.88686116814
1786,135161.99618356046
1787,159740.72406758295
1788,57820.36169874431
1789,94925.34380376161
1790,74657.61912779877
1791,187692.9978688388
1792,165647.62944270635
1793,141873.84857519277
1794,152145.8365831511
1795,136234.51305371028
1796,116685.06412103398
1797,122897.21334802853
1798,123026.24292349738
1799,108596.08565110168
1800,128655.43413445976
1801,129017.42017348502
1802,144690.22757209328
1803,151477.99124674438
1804,143318.65448391493
1805,136085.3729986522
1806,128449.54985110874
1807,135352.02273407986
1808,117731.77381176689
1809,118828.63182354867
1810,135346.9818491624
1811,90979.67714211848
1812,105162.16511879068
1813,125772.94664066269
1814,90552.79517686747
1815,54070.65496730881
1816,93505.67484148314
1817,112622.81260315345
1818,147848.78621903024
1819,125617.35167598446
1820,65149.94070257628
1821,115050.48298387424
1822,147334.73227531274
1823,53142.333312309274
1824,129203.38841005573
1825,138798.70124590173
1826,108873.52012034853
1827,108595.48874072573
1828,140683.4793418053
1829,130731.11106900648
1830,143828.47676006882
1831,151246.7098704468
1832,88200.06166767646
1833,144289.52450103677
1834,121462.48233483297
1835,129947.58654543094
1836,130306.80282854976
1837,82736.89979997072
1838,133536.29367492872
1839,91328.94212143123
1840,149387.53526382067
1841,144612.74253278738
1842,90889.1931618803
1843,134576.618692558
1844,141428.92494333987
1845,142013.10738666693
1846,154644.57062163888
1847,165957.42395376702
1848,53520.160945821925
1849,108670.89702194577
1850,121393.30474526118
1851,158448.6649616208
1852,126386.55264263885
1853,126743.19276360111
1854,168427.47227360023
1855,158706.02960265832
1856,226675.74258372496
1857,143460.85087770893
1858,144106.22431048774
1859,118908.62599269078
1860,145588.36553315114
1861,118013.04076260119
1862,301048.9945205395
1863,283212.241005535
1864,283310.69272357994
1865,333955.5904717
1866,312371.8467659342
1867,226047.98693913547
1868,281234.03867126646
1869,203628.39833188552
1870,221816.08201229534
1871,257353.48051693788
1872,174971.97265540482
1873,242552.99378660324
1874,151697.4550683243
1875,205910.29920620692
1876,202358.13220033285
1877,211751.2013847029
1878,204210.0828705867
1879,130578.81083107632
1880,129593.57952951003
1881,244141.58602756154
1882,247826.8684472316
1883,189551.77280068176
1884,207115.3248282236
1885,247826.953686903
1886,283908.6308445038
1887,215210.1069028295
1888,262184.4805774119
1889,170953.6076396605
1890,121793.49421785225
1891,134511.2412470903
1892,97476.05948929061
1893,138205.29359210227
1894,129503.05469106918
1895,142208.973105344
1896,129591.17375263093
1897,121881.90964289014
1898,117775.71536301567
1899,154455.39082990866
1900,154491.88244361867
1901,166251.54048260234
1902,162127.54544618068
1903,212670.58483325088
1904,150289.962646801
1905,202203.09185189233
1906,106429.89942822955
1907,216765.92664647297
1908,109748.78187682349
1909,131800.28577894546
1910,119358.21555305456
1911,228589.4426946102
1912,336310.7144426766
1913,138089.50118043477
1914,70033.73301261
1915,298643.3384400202
1916,53712.278341225254
1917,250681.53961899533
1918,142845.48478295535
1919,185877.57698387635
1920,166840.3635605169
1921,346841.87807406345
1922,298534.0463765455
1923,227375.56893755592
1924,230122.92506852234
1925,202839.82353455172
1926,343075.95273392875
1927,133939.30241225343
1928,162828.9488993089
1929,124311.72536843973
1930,132799.30967433768
1931,143795.9072619918
1932,142126.18825151617
1933,193051.863060143
1934,184870.89423344537
1935,170229.9337340548
1936,197882.24781099355
1937,189647.35129618796
1938,172888.44540416772
1939,262214.0281632727
1940,199320.56751317246
1941,170350.7094467743
1942,183219.84015500007
1943,229924.06180064476
1944,354670.03042731446
1945,378894.8508228123
1946,160712.48194512693
1947,317451.59399447986
1948,173228.80024002347
1949,233743.09811831856
1950,189523.0354606718
1951,247583.6478435866
1952,211066.8033296098
1953,160676.0144597899
1954,186757.5481613463
1955,136896.10351335988
1956,290832.2001240086
1957,155509.16516646073
1958,285164.73516324844
1959,145598.62917268235
1960,112264.1052245356
1961,116955.73760896908
1962,99558.5042894527
1963,107731.19393407778
1964,106934.06433764256
1965,141738.9133768814
1966,137069.63567118772
1967,292762.59052712907
1968,387020.2548100691
1969,357751.4145815737
1970,400662.2472075998
1971,447454.7538811101
1972,358026.6553095423
1973,269288.14363089297
1974,315737.60203890275
1975,531697.0191574369
1976,271068.7223846649
1977,343964.7534917661
1978,349158.2087633715
1979,326510.4194958366
1980,213013.02323813917
1981,335909.31173209666
1982,225277.07131852908
1983,214124.5637777291
1984,170826.94812689035
1985,226148.0353811129
1986,212257.94338168667
1987,189876.62622202717
1988,173267.41697281788
1989,195441.3242302979
1990,209106.38063623416
1991,238709.8003923462
1992,220822.8138536101
1993,171105.76457279056
1994,240302.03874371207
1995,185613.9292005056
1996,245867.0607455698
1997,303803.37679002935
1998,306059.3302053707
1999,276930.17471038236
2000,312081.9503144647
2001,273082.1443636608
2002,245168.56452059702
2003,258769.8118539719
2004,291090.63505242957
2005,233371.05834632384
2006,227776.86477802246
2007,247754.8709740549
2008,211390.70102332367
2009,198752.82866471182
2010,196647.52446098186
2011,146106.8649524729
2012,171294.172760758
2013,177756.94329771964
2014,184445.28694599977
2015,213461.89333842456
2016,191575.84182584105
2017,194579.893589101
2018,119583.52693209214
2019,128896.48876422369
2020,110039.89437599012
2021,100385.4878624038
2022,189770.665671339
2023,150722.8710999578
2024,261284.0176446692
2025,350629.6108957054
2026,176809.03265878267
2027,155672.74137761118
2028,157789.43490597265
2029,162351.79855881666
2030,257773.15104826598
2031,236832.8344389341
2032,248454.32400150312
2033,247612.56622387146
2034,169369.45087598183
2035,227007.66616604276
2036,199708.18542388204
2037,202225.00410470416
2038,327744.9547585057
2039,247124.21933864435
2040,270057.5896361393
2041,274142.7860244109
2042,210651.41271365478
2043,175825.5142776731
2044,178742.48942726714
2045,212202.10750082377
2046,144875.25438042075
2047,146448.89648627196
2048,139053.03720107468
2049,149526.61727722647
2050,172773.33042150154
2051,96495.28256165981
2052,125119.4816745259
2053,147195.3540213228
2054,91570.34003811529
2055,154795.9469890759
2056,140152.10357542377
2057,114510.59007763598
2058,215356.36912112625
2059,134307.5153486995
2060,167412.32206306103
2061,175809.87917879163
2062,129987.21951273631
2063,113190.02354630506
2064,136154.0168652334
2065,116076.75132457442
2066,167889.28508611815
2067,110977.19382114738
2068,154728.7720429453
2069,81592.18423772525
2070,112087.39887197306
2071,91357.3815249731
2072,138745.7313244616
2073,130850.527858998
2074,179064.94513529955
2075,150115.89999904225
2076,118964.72607734888
2077,152289.15360289934
2078,126564.85952267087
2079,135501.06236501297
2080,117744.93753414339
2081,132641.00746308005
2082,131839.7755638643
2083,148771.418024983
2084,105732.68131761315
2085,116827.45904654021
2086,120919.5851862647
2087,130285.06771772496
2088,105059.1597081379
2089,79110.15925212317
2090,130259.07394397612
2091,103275.23764319855
2092,118697.84746695717
2093,124489.9982478372
2094,111114.85394741471
2095,142283.55454923553
2096,79832.01626801408
2097,97514.60880245536
2098,152195.58450911668
2099,51540.25175850856
2100,93349.53091980961
2101,115958.85801380344
2102,131124.58383086606
2103,99948.94535474067
2104,143984.23680591787
2105,126953.25211795601
2106,78123.50968304847
2107,194071.04918166966
2108,120705.62443636227
2109,110431.5570221994
2110,138101.40312781616
2111,152448.94711919932
2112,145067.17750950032
2113,126332.67890377375
2114,125806.44649208577
2115,171022.71361471183
2116,120574.11105988214
2117,161687.7183514327
2118,127005.97085417648
2119,120523.68000544728
2120,121693.06064866163
2121,110591.35712258876
2122,116314.08193558984
2123,80399.74130464745
2124,168346.45780242787
2125,132120.3275913705
2126,155530.9639516013
2127,161824.24236568948
2128,128021.28600944328
2129,78796.19172611779
2130,136480.2244592146
2131,145137.82823778279
2132,116800.54700263948
2133,119721.83601469467
2134,118787.12025541256
2135,85802.49451833784
2136,76203.87791411683
2137,110765.7028618339
2138,131659.38541736506
2139,154480.03837441243
2140,140227.65918452482
2141,156002.5706158531
2142,127487.81201819793
2143,147503.54715377936
2144,130279.10979498166
2145,134901.61547056134
2146,169296.3765691636
2147,135203.776698681
2148,138641.94696337284
2149,140512.37358926545
2150,232299.6223061032
2151,123025.49430398845
2152,169617.7103087627
2153,161172.48200400567
2154,110751.88519373958
2155,144096.83382773708
2156,249015.1022629828
2157,226157.46342240227
2158,242939.5692705192
2159,211692.67368152982
2160,189795.05147098738
2161,236368.12572899828
2162,372057.6749185808
2163,327106.2595339634
2164,256619.17044273688
2165,189748.60069058152
2166,154672.8837840138
2167,220109.27758802663
2168,195462.98588169637
2169,197516.35104607613
2170,223081.2075798373
2171,149505.07791840966
2172,136627.58068375025
2173,164860.99276928045
2174,226287.5409868579
2175,293468.66884566186
2176,309365.36011056585
2177,241303.43936478032
2178,218277.81862169463
2179,138893.73326758045
2180,221631.6036488447
2181,196722.13104894044
2182,223967.40022176268
2183,193769.96043416858
2184,123728.99761942128
2185,125823.16556911914
2186,150506.15518326068
2187,157453.54653960912
2188,160295.406334357
2189,274282.0050156119
2190,78645.65999004012
2191,81088.4837658649
2192,89578.52454190177
2193,107508.41456737753
2194,102887.2912316803
2195,105420.6222504624
2196,102231.82984186921
2197,115104.5922246557
2198,152359.22313426284
2199,182417.33898620604
2200,154284.2916911437
2201,147596.2462265502
2202,215348.99226801304
2203,138276.06159713675
2204,173472.06189649546
2205,128131.90240302877
2206,145478.1527561342
2207,215787.94500276743
2208,265626.0409099584
2209,248112.2737719562
2210,119330.63505396427
2211,113322.32348268422
2212,121569.61576147222
2213,103189.53614683333
2214,132217.02121615308
2215,95264.41477259
2216,150212.50742484687
2217,65317.55390227486
2218,87786.70801131729
2219,83737.48463165211
2220,73224.97154125477
2221,299588.87593861
2222,269841.8578819367
2223,277244.5955737868
2224,211515.01416741466
2225,134565.69849413945
2226,179617.075691123
2227,195450.86597459085
2228,260722.6178917796
2229,261321.05630660264
2230,146470.84698347922
2231,211660.76011063793
2232,178421.64842192663
2233,183120.2483108394
2234,238919.67158806854
2235,214470.52242529776
2236,256945.92828367918
2237,298285.48013565183
2238,198927.2218248904
2239,118522.26922527452
2240,160343.96425072386
2241,147463.7720221509
2242,126138.91885755552
2243,132005.58134238806
2244,106019.44488897221
2245,101174.58501669172
2246,143372.71155689083
2247,114665.82417651429
2248,120967.5719150372
2249,118362.96329965159
2250,126645.61120214355
2251,124573.3574063533
2252,182966.14058939865
2253,150582.17905267217
2254,176029.63610483787
2255,191800.54439467017
2256,175980.07699825827
2257,208224.32348898338
2258,157820.67280502542
2259,175440.8884044499
2260,136195.98940276765
2261,210598.95015590443
2262,230089.54010415357
2263,357113.5697861501
2264,504979.1494707258
2265,176949.33451738307
2266,310429.38810473616
2267,372538.9511036403
2268,460474.53414367524
2269,153667.00438920016
2270,195942.41074694338
2271,207866.32768672745
2272,193426.5651658127
2273,155399.51245322337
2274,178819.63867608533
2275,161919.75938562545
2276,192719.16714837617
2277,186010.75498105155
2278,144136.36653952708
2279,120928.05428326085
2280,118577.6328328823
2281,166894.54983881093
2282,192169.74608493884
2283,109518.16663471858
2284,111219.4394226651
2285,139778.9963733114
2286,121525.55630366137
2287,360372.09612295707
2288,280802.98797523463
2289,372675.5546483845
2290,440962.89307565265
2291,321626.8546588003
2292,417281.013905748
2293,450297.395907163
2294,382438.41962237016
2295,467246.6163954089
2296,297320.9690779892
2297,340306.7508055892
2298,322497.26101739716
2299,333768.4636705268
2300,330139.7454000913
2301,303765.7343482434
2302,251133.7083941555
2303,253883.93662934253
2304,263052.1920135854
2305,202198.07470380818
2306,191285.71280747114
2307,202096.31686194288
2308,228071.9825790706
2309,278255.18988974986
2310,225520.86991654214
2311,207934.38978461438
2312,181840.52356514073
2313,173379.46138239064
2314,179670.20084471942
2315,185694.9525908562
2316,202768.39159241135
2317,190085.3343064868
2318,182304.38143082385
2319,186814.0898790719
2320,188048.38630219645
2321,239556.1661067106
2322,183797.05620281148
2323,197072.6539138807
2324,177197.31228802475
2325,224068.0253169492
2326,174202.333162413
2327,203002.67404897918
2328,223687.75890595815
2329,195849.08599438105
2330,182989.52175401006
2331,338587.87221871
2332,392839.91483895533
2333,317874.40910044766
2334,254079.11132746335
2335,282754.68589395913
2336,305396.0171332623
2337,207062.7571354541
2338,275709.0059030117
2339,227136.12466551593
2340,387348.55769024673
2341,225676.18843277384
2342,241038.25788355942
2343,234251.11701245283
2344,216889.9802045467
2345,240467.7974411716
2346,220978.1839010213
2347,200891.68918731713
2348,250178.99832345682
2349,181156.7321881157
2350,304729.1279376967
2351,248780.71497779523
2352,251742.68429370865
2353,233345.44962696606
2354,144409.16573084486
2355,149297.90386292452
2356,152315.2859747618
2357,188646.57699737727
2358,197260.07298759313
2359,139666.56589714222
2360,113219.2347419915
2361,142893.47367072006
2362,266473.76399270043
2363,142378.65352594876
2364,160355.45294478562
2365,221530.74751315167
2366,196759.39978961734
2367,230447.24461399604
2368,219107.34307405507
2369,228342.1329857378
2370,164986.0220842143
2371,161126.61949694116
2372,190039.7994105492
2373,281821.7858303838
2374,316567.00692143216
2375,264084.6092375621
2376,272071.8487391136
2377,347525.51725526404
2378,138788.96253943394
2379,202809.38449271806
2380,147473.26455514063
2381,165465.97069672565
2382,199632.20776147099
2383,199219.4253847711
2384,240535.14391596764
2385,159615.34497267663
2386,129655.98203647767
2387,133276.13830175134
2388,97243.79884148028
2389,117622.43479823794
2390,142443.33999944912
2391,143068.98145088865
2392,112868.18829147759
2393,164184.47898523373
2394,144861.6252550136
2395,210308.72208774602
2396,145247.43250193712
2397,221888.0576043434
2398,125190.36413284237
2399,71021.51019659733
2400,66528.32782794622
2401,118116.60089553236
2402,133661.02047573632
2403,148627.03365953374
2404,148795.45998855054
2405,158825.9998282443
2406,136310.0070216179
2407,125579.2822305343
2408,146591.95884283335
2409,122658.79116905281
2410,174668.6889846799
2411,111834.74918557798
2412,153755.07409578227
2413,131535.1969646795
2414,147850.5428684344
2415,135422.0165315968
2416,125163.20921528312
2417,132973.00789727588
2418,127939.12089395353
2419,132460.8134649704
2420,120822.45725990435
2421,145197.1617702436
2422,108523.69204865248
2423,119963.75026162433
2424,164439.46055042607
2425,196217.36711048815
2426,126796.12082334864
2427,121762.0248418961
2428,185035.81414048
2429,113764.66208973857
2430,135418.62322229004
2431,108281.66160338842
2432,148254.77920395226
2433,145245.29497941153
2434,140084.3820221051
2435,159053.2255868314
2436,100749.61924864014
2437,105513.0016370478
2438,120585.13084032996
2439,104934.41723076832
2440,125135.47647704545
2441,99868.43037928196
2442,97075.1620165737
2443,118288.91702203455
2444,127439.80287268733
2445,92447.55259330511
2446,131538.42772225422
2447,179936.39800368866
2448,136797.01313448255
2449,113597.2641496087
2450,149670.516602569
2451,123773.40449539902
2452,181534.67205811493
2453,90447.43877705364
2454,115104.39106974207
2455,115947.04743792728
2456,154100.62432882877
2457,135492.10237732495
2458,136120.65916517662
2459,113857.0591783335
2460,151108.26203383112
2461,132042.3738651199
2462,142127.46721207025
2463,128593.25622254485
2464,169417.25121124915
2465,144954.9242309668
2466,116575.20719748765
2467,135156.5531223832
2468,85684.71694134569
2469,83577.48360677523
2470,192338.25225939907
2471,208284.74366808886
2472,166664.7079323877
2473,121227.85852499648
2474,106063.8221664939
2475,214474.28379276727
2476,115961.42797312804
2477,126711.88389342552
2478,155626.1718175337
2479,105892.96282094398
2480,155900.14420911737
2481,124575.39389990052
2482,125567.72503368271
2483,110983.66297728063
2484,122150.3751614163
2485,123381.43820462574
2486,160507.09469325023
2487,163874.53027358098
2488,159219.221090231
2489,154133.68292495387
2490,145300.2969672513
2491,88673.88736449886
2492,189438.00699460763
2493,149932.4402035719
2494,146981.532211243
2495,89743.26521166439
2496,218203.26755871586
2497,157359.01309136493
2498,106032.82886988779
2499,82033.11254562471
2500,126878.2635401998
2501,142081.6841649483
2502,148975.58406053437
2503,107772.12381259186
2504,174542.2455697427
2505,223058.42057666363
2506,253550.75850931925
2507,287328.27514604415
2508,255478.82175181108
2509,220170.75541789609
2510,223849.86788773007
2511,173407.2257207085
2512,212047.41527158974
2513,229159.13218301913
2514,291982.79730987153
2515,149589.00905989239
2516,173266.83758919017
2517,149359.8491152977
2518,154218.39010768748
2519,245652.31524114608
2520,226452.2506680492
2521,188412.75368025945
2522,225784.84458451802
2523,114106.25124107354
2524,135748.88510690548
2525,145463.02853706398
2526,137761.41138445112
2527,121563.32023183553
2528,120386.15794361505
2529,127314.92068039211
2530,117014.41030638703
2531,258140.35889683568
2532,228140.40405508896
2533,193153.9956666523
2534,236742.55902146728
2535,294129.7331196962
2536,234073.7713416806
2537,250782.04807383256
2538,187681.13619719486
2539,189715.00399760966
2540,184481.28526816276
2541,183311.35650314062
2542,160862.09029789193
2543,131059.7403101182
2544,120328.89947220284
2545,140737.2158868452
2546,127552.0154086106
2547,146256.36817286018
2548,161846.26008813625
2549,158848.85373938872
2550,713732.3769246985
2551,143174.69750093913
2552,132832.22349496375
2553,74465.73390216217
2554,98779.45765647324
2555,116081.93744501627
2556,97021.9621844041
2557,101925.09716708666
2558,123358.4876265393
2559,139336.12294634138
2560,153362.0423954306
2561,144562.38778034347
2562,139551.94892015264
2563,151525.07551719248
2564,197646.23859790407
2565,137310.01948005604
2566,159579.62718376797
2567,143940.3586763924
2568,216803.3925356536
2569,221942.9861502449
2570,117635.60748697727
2571,196734.30334286828
2572,162697.40642104577
2573,233662.65989349424
2574,331461.0729490983
2575,130099.40796526274
2576,113211.58666622575
2577,128881.66452273319
2578,84700.08899583838
2579,59329.69094394779
2580,110772.92286245471
2581,122671.12067992783
2582,120227.52593150237
2583,304773.4698306662
2584,185065.95324108563
2585,188246.4736826345
2586,229456.69339178104
2587,204634.3558377305
2588,150011.0698147322
2589,151287.86861509888
2590,205645.77673579054
2591,212328.2844403986
2592,217714.48546944518
2593,247832.35526531545
2594,184608.5676087317
2595,202952.36514721354
2596,279390.5216938215
2597,185876.14400040032
2598,282751.4335789867
2599,364053.9222450656
2600,153946.95788779212
2601,148573.66770542806
2602,87845.88706365836
2603,93079.74745622794
2604,90466.96225103401
2605,81277.59732589545
2606,144779.48616591978
2607,199195.41982745353
2608,190543.23658861965
2609,168378.82001033038
2610,107374.64820452694
2611,129333.29015057188
2612,160054.97987164903
2613,124620.44543742188
2614,121058.87205665096
2615,152777.8486239205
2616,142501.87673833675
2617,187244.7667743209
2618,203109.0292856845
2619,202410.2281493374
2620,188300.67538351394
2621,176368.92087089547
2622,180231.74629270704
2623,243266.62195306414
2624,310100.70883651817
2625,303321.0673453598
2626,168570.246213492
2627,172772.98081797812
2628,466731.80422892416
2629,500297.3611975918
2630,399535.04339729785
2631,471368.6012180722
2632,396314.0646411531
2633,322888.0328654589
2634,410278.7015130589
2635,157628.99008905905
2636,178028.3135754387
2637,180555.5302696267
2638,261959.1404334461
2639,182116.66142250624
2640,143878.333086372
2641,104602.82066756772
2642,194988.16334869454
2643,108020.33620074432
2644,122492.54351817019
2645,109921.62707897996
2646,95867.734147684
2647,106668.00150542722
2648,142881.59035491446
2649,151099.83628599427
2650,136732.83732050995
2651,137936.42932915338
2652,394182.7744542477
2653,256364.68397402493
2654,259213.9714510924
2655,371517.0628119702
2656,316144.1353284876
2657,344709.3461825681
2658,302839.0894862001
2659,318215.4633218013
2660,353604.2507012911
2661,362508.2841923455
2662,345176.4995034724
2663,292863.34502130834
2664,269494.53048011113
2665,321536.1396236205
2666,295029.3580885013
2667,175972.65953576274
2668,183940.34209723645
2669,187341.92934971073
2670,279174.2885942412
2671,191107.43159854953
2672,200948.36978809466
2673,198798.22928692316
2674,197940.95347586088
2675,180183.76954346267
2676,194888.5403655944
2677,197986.62912653445
2678,252940.75004032702
2679,275656.69950742915
2680,287948.13074665016
2681,369549.556827531
2682,303412.3299882636
2683,458282.53418441484
2684,321413.3345502485
2685,331370.354241529
2686,261301.80924030408
2687,311639.14612376725
2688,228523.32941720638
2689,215011.5023727172
2690,388291.51016746124
2691,187363.91476501257
2692,146335.99174894896
2693,207061.04571316074
2694,144545.94908011137
2695,191005.25770458617
2696,183133.27889199488
2697,184907.9080672971
2698,187992.17500400275
2699,177205.27540682774
2700,159134.5024100081
2701,147798.48492932858
2702,114535.75181978031
2703,133699.02960337535
2704,140966.2851586454
2705,115872.71185408972
2706,108147.04866057473
2707,119735.44119128499
2708,130841.72243271662
2709,100469.5803492245
2710,126885.11728195047
2711,283926.0802710929
2712,376602.70189940516
2713,170819.60767569375
2714,144242.90511691655
2715,166111.99370862113
2716,144872.5596503736
2717,191963.65894152352
2718,219982.84029705336
2719,148608.3285110327
2720,168771.59772366038
2721,130257.62214487982
2722,161117.03861660353
2723,145055.01844296142
2724,125195.56565459282
2725,127669.43662854648
2726,149301.0583794917
2727,191950.94588870037
2728,182690.29299692847
2729,148253.0024137339
2730,147169.51988395152
2731,121757.22668454307
2732,133125.31340959008
2733,159520.78569279346
2734,142415.265274445
2735,130961.61807268206
2736,141128.61151060503
2737,116331.95535607693
2738,141539.1096467595
2739,159071.39266572508
2740,134186.99411605776
2741,152742.9578430035
2742,155226.1395644171
2743,153272.098459658
2744,156533.24724818673
2745,139768.01192863032
2746,135540.1129952568
2747,138553.21533393988
2748,114866.18199320149
2749,125689.30508500154
2750,134467.46615671355
2751,128920.48502226631
2752,209780.03321198476
2753,151233.44100659617
2754,201974.487880665
2755,136697.42184257414
2756,87861.53229916802
2757,71285.18659697268
2758,84294.32729838486
2759,151448.94380127336
2760,127901.51709198386
2761,141148.0133010978
2762,143760.44453648725
2763,181428.30080861115
2764,148918.62967704728
2765,277721.6832774473
2766,86995.49996001409
2767,87712.13352031082
2768,133733.6030640781
2769,135454.05040591766
2770,141447.3389200701
2771,105558.11346305248
2772,113176.74712682999
2773,159222.92492947515
2774,145415.35428624589
2775,119062.27661566257
2776,138944.88534684578
2777,146190.53273740338
2778,106107.61628992182
2779,119219.46945016421
2780,102056.68707781745
2781,95158.45302628512
2782,92802.50202156747
2783,97799.36878744375
2784,123044.88520008684
2785,132678.42869816866
2786,64171.35347379761
2787,130419.02659470869
2788,77244.02083969384
2789,164995.35843245112
2790,92500.29521360931
2791,112789.94000346756
2792,71471.68670683361
2793,111408.26250411395
2794,103643.73086113263
2795,125750.15548766965
2796,101859.17485679929
2797,213199.77636320368
2798,111817.18320985853
2799,116423.12270234032
2800,72074.29049305712
2801,102673.24062351178
2802,129266.89000086322
2803,174590.37050247367
2804,133511.75307990532
2805,93953.30564781242
2806,83695.247487592
2807,163105.58497127754
2808,140948.88464081887
2809,134875.02436216813
2810,125368.7577445621
2811,162576.32498898092
2812,171749.85797119702
2813,162600.4567786715
2814,166624.33036239247
2815,98484.29366783831
2816,212458.26290137044
2817,138810.26983274688
2818,126804.5231213589
2819,157088.43372585246
2820,137732.18828222787
2821,105433.37018393482
2822,192104.7642682738
2823,310990.88021213363
2824,175610.16222786476
2825,141552.25322825456
2826,129746.19372128067
2827,144187.61512054573
2828,218219.55445330747
2829,205241.1981270163
2830,236733.39369734528
2831,179768.41330839618
2832,247671.7186287153
2833,292873.4731455886
2834,231962.64144731752
2835,231708.8539161317
2836,190501.37646052186
2837,166862.87419706807
2838,147604.25032684254
2839,173506.1707927777
2840,203905.75680884914
2841,204706.59175276163
2842,234537.9323030218
2843,150942.2561784461
2844,171758.97868530793
2845,120446.41588319288
2846,209286.64545489178
2847,211660.68120333878
2848,222456.5259774665
2849,198072.19996931442
2850,274975.8326646226
2851,223861.2679716942
2852,230419.72460874726
2853,236821.5058347819
2854,138936.53288169487
2855,200387.79541261177
2856,206191.4479168603
2857,189212.7024713246
2858,214168.96838121032
2859,117792.77437558402
2860,138329.14115193152
2861,134597.752484943
2862,193879.50813999271
2863,132604.40103538838
2864,236291.5649863459
2865,154482.38061451146
2866,141484.91697508175
2867,101929.90984447014
2868,105502.39782100728
2869,99740.47228896206
2870,133694.11253325103
2871,89988.41180522944
2872,48421.44281658337
2873,100260.79311571992
2874,143263.1322606421
2875,125294.86376034716
2876,161793.9522252674
2877,138692.49087325681
2878,167688.54784010787
2879,142660.9757076245
2880,110528.45414596991
2881,150056.82257382773
2882,171851.49506109543
2883,198820.52559262575
2884,199733.30547723512
2885,184607.76992928426
2886,231628.3832359001
2887,98535.01072482897
2888,136728.2843303288
2889,59340.98888015481
2890,76883.34569046042
2891,140209.22908734134
2892,52015.70761481058
2893,93578.8771551236
2894,59754.0495300101
2895,335777.6533729501
2896,286477.52142447955
2897,217265.08833538397
2898,159455.7259613206
2899,209027.32605337052
2900,159967.1885049292
2901,199938.5514836596
2902,174508.76275453685
2903,318030.6622226953
2904,329561.8733898278
2905,84513.66934489299
2906,198789.824683289
2907,111962.48568916696
2908,128113.0768239192
2909,161643.70545259313
2910,74550.17996132321
2911,89479.96811500454
2912,155962.52374024465
2913,84522.72252211139
2914,80795.63494606118
2915,89156.24183755659
2916,87038.54430796883
2917,175747.42694987412
2918,121652.23388332204
2919,221404.61564637223
