ID,SalePrice
1461,122608.67698533008
1462,157309.00301128655
1463,183112.8203034465
1464,191554.54698210547
1465,207752.9868661136
1466,169685.49488906926
1467,177191.03037559584
1468,161632.21653942112
1469,211237.00476693606
1470,113973.60436036527
1471,198010.14071117155
1472,98360.24035226397
1473,98354.5447227351
1474,143802.89295776148
1475,109881.42829566445
1476,346323.98073101067
1477,261841.67824493424
1478,287361.76642266015
1479,284787.2247517159
1480,456595.7715265736
1481,335477.65664981504
1482,224990.3705010348
1483,178301.59727066912
1484,161789.651912168
1485,189781.3171125122
1486,196848.55368017108
1487,328393.08076933865
1488,234577.8538063248
1489,198850.77134435545
1490,222917.65108134222
1491,192925.81127439704
1492,89733.96406813177
1493,191965.61096170556
1494,299363.5137052237
1495,290440.5122003557
1496,225491.36196229808
1497,180600.50685702485
1498,160930.81114169018
1499,160334.90097538984
1500,152816.91314029568
1501,168841.89587925238
1502,146621.59080879408
1503,271743.60987476585
1504,240876.7853532713
1505,224133.68770396305
1506,193684.98903068632
1507,246545.68312624827
1508,209935.37823482818
1509,157024.2523950836
1510,143183.6237331357
1511,146836.9248240151
1512,171205.07880947078
1513,136275.27282898425
1514,173300.91352293847
1515,193795.31414518642
1516,155171.8465677468
1517,179045.64046511456
1518,134287.99007045053
1519,213562.337778199
1520,128223.29091926783
1521,134285.04240474352
1522,177690.19211608713
1523,108725.17303152279
1524,128152.87346670398
1525,118215.6837759741
1526,115606.83737340083
1527,105104.29087608072
1528,139868.50793103184
1529,145068.28413912255
1530,188345.14099081402
1531,105031.43185885648
1532,97408.25742876357
1533,153337.3331743121
1534,133608.13126033783
1535,155829.64345931882
1536,112806.85218302201
1537,70376.06647009727
1538,147407.43052197626
1539,204394.72912899576
1540,88616.44487411616
1541,149815.25654171666
1542,146851.7312106534
1543,191466.793355994
1544,87062.21445183236
1545,117634.2605012376
1546,135813.78845076167
1547,129607.31742498538
1548,140133.19674293816
1549,121269.7616287132
1550,137696.0271647425
1551,115267.70279082557
1552,125257.02548741159
1553,142637.45158792278
1554,113908.20340104196
1555,171987.50597050053
1556,84925.44270099138
1557,106874.03727586305
1558,100187.48040770643
1559,100165.45003524664
1560,135465.54164264124
1561,115957.04099599608
1562,132903.36148863655
1563,115438.20729534364
1564,164417.7998451994
1565,149975.79500554843
1566,263151.3582641349
1567,76025.50693530527
1568,234783.09782418888
1569,141186.8352337086
1570,144459.7882885234
1571,126011.93776092918
1572,144902.02674166483
1573,264390.737505947
1574,116256.31544702691
1575,232248.94693265966
1576,243102.685642214
1577,183462.82563874748
1578,145525.9568888668
1579,149063.2646995914
1580,198143.2022203693
1581,156431.52385988607
1582,119904.949559755
1583,290825.5084123247
1584,217802.67821797088
1585,136120.99423509795
1586,62094.47952930633
1587,112003.51897654934
1588,152717.03862278903
1589,101040.32885770833
1590,136447.96182772436
1591,91918.90763551943
1592,125118.91187420039
1593,116799.67948475861
1594,126093.35642468624
1595,116848.14658931279
1596,232476.0431917566
1597,192047.56956389788
1598,229943.7508749411
1599,179958.02485716628
1600,172410.07831503003
1601,58783.96301915853
1602,113901.52514971739
1603,71402.23115645138
1604,270749.7522540672
1605,246715.18135438405
1606,168913.19527149378
1607,184264.66354320387
1608,214327.29163296724
1609,187379.4364874986
1610,148513.5574503613
1611,142433.1979614623
1612,171211.48548662543
1613,168913.11951112587
1614,127745.03754193141
1615,90773.15077058175
1616,78941.33848939001
1617,92939.44195075257
1618,123643.28910835444
1619,135585.54047555898
1620,175383.8362359024
1621,142833.6411162243
1622,138313.82852268152
1623,275471.554561975
1624,220059.43485719332
1625,124543.14555998037
1626,171022.01328193076
1627,188565.7903517721
1628,286021.60093258467
1629,184321.15619326115
1630,344081.4847168596
1631,233765.10405059875
1632,256763.11188527363
1633,174645.84728242163
1634,189019.9557293778
1635,176041.4524521415
1636,153465.66545090394
1637,195904.85643396192
1638,183598.21905241974
1639,187241.4299539272
1640,251142.37345282917
1641,186952.97664631368
1642,236190.43523453106
1643,220543.51290933465
1644,234762.307686663
1645,196392.92824721846
1646,158023.38885331858
1647,163771.41376976526
1648,126420.58505816027
1649,139141.06133401868
1650,107831.79229027781
1651,123449.05424031882
1652,100858.24454554911
1653,103367.11031791239
1654,142749.38655560536
1655,138065.8104194135
1656,140772.2278876231
1657,143766.64272696112
1658,143650.6772760762
1659,114275.15569381027
1660,158355.6383847273
1661,409452.105879894
1662,386385.48568266316
1663,355627.374280086
1664,483199.1348686585
1665,292389.5068807827
1666,338767.6759025797
1667,346692.6577836675
1668,327771.129521176
1669,294331.35781032377
1670,328870.1790298345
1671,265531.5305580387
1672,390434.6527313936
1673,293841.5231540547
1674,252959.33280285558
1675,204741.06791920975
1676,205446.02169009333
1677,228094.48559135283
1678,439178.3256578243
1679,367058.0969361402
1680,329656.5683688586
1681,243648.69944582312
1682,311979.21548232855
1683,193324.3464960558
1684,174368.68279884174
1685,171354.15089482244
1686,170157.82735859204
1687,172038.7798776371
1688,192371.8831600729
1689,192076.6169454357
1690,196118.78574460035
1691,184343.70610485366
1692,256044.15180738491
1693,171246.89427992256
1694,180158.8638576744
1695,163725.3219986786
1696,267038.18927724584
1697,166384.2808693874
1698,347055.58272457897
1699,314048.4528446473
1700,254787.54951600663
1701,280613.5445758743
1702,241005.76061993695
1703,234418.11029298967
1704,269966.73811452225
1705,229571.8035383451
1706,382387.0553102264
1707,209431.10057811707
1708,199876.03272150757
1709,266444.87269516295
1710,225257.78364907156
1711,262184.0089945055
1712,258244.88190085482
1713,257556.85809790593
1714,223628.47428599096
1715,208656.13748444206
1716,181120.03761381112
1717,175702.8716683753
1718,138994.1036705616
1719,214016.92480024335
1720,248465.58563632081
1721,156963.08130391684
1722,122171.86661455825
1723,149320.53305741606
1724,207819.85960089433
1725,238368.8241401949
1726,185514.67029384334
1727,160453.02841041225
1728,166619.63898691555
1729,167313.9331628708
1730,164484.14091802575
1731,122151.1037413822
1732,121270.12221152727
1733,114538.04960820361
1734,133064.35858271536
1735,118268.864725869
1736,108360.58448437805
1737,284032.4250189238
1738,252226.52456770113
1739,232014.7159530709
1740,216564.96371500613
1741,188128.0620340914
1742,168734.29009574867
1743,181192.60964499065
1744,298870.13580789807
1745,216415.24067639693
1746,190032.36397137854
1747,221170.1144616616
1748,217889.7134389521
1749,147980.61974410526
1750,131218.84336652074
1751,252583.7935064154
1752,113454.23830389712
1753,147469.62321971063
1754,192850.4589275753
1755,172591.22173577308
1756,123203.23394866384
1757,117719.93599873557
1758,139897.49776889908
1759,168750.06559001605
1760,165647.3704545775
1761,147956.23579921463
1762,171436.06145728487
1763,193972.42076156798
1764,116616.87067593976
1765,160779.38264945493
1766,185174.4369028032
1767,223432.97476671066
1768,137549.89538343466
1769,172937.23935227862
1770,150236.63350620292
1771,125967.64186631209
1772,138505.52585672375
1773,118089.49046437713
1774,150621.5577197768
1775,142565.7736261438
1776,120339.10949667952
1777,105482.78128931177
1778,139542.92021544982
1779,115500.29331905306
1780,181196.79403288718
1781,126588.16795661522
1782,84268.25184256479
1783,141895.61865599774
1784,102643.91505547242
1785,117907.00315406985
1786,139244.8162220641
1787,161611.8478069743
1788,60443.66526627327
1789,96036.35199047174
1790,77067.3675028109
1791,184975.09543828966
1792,166840.33776530786
1793,140966.11444397387
1794,153864.9776012604
1795,136056.8094220266
1796,125874.18708364632
1797,121448.97751112486
1798,122182.04316127447
1799,107660.82974307725
1800,130815.38196081188
1801,130681.77047924986
1802,141748.13009458603
1803,145487.552283909
1804,144392.79831917383
1805,136277.70981216594
1806,127495.00012831655
1807,134032.59728783637
1808,119611.74384238059
1809,117219.05767614143
1810,132162.33843937507
1811,97937.53262989645
1812,100806.0046357605
1813,125397.72118294648
1814,99534.09450884604
1815,53468.75196351864
1816,99326.05755656672
1817,112409.98204186835
1818,157732.21930008248
1819,130160.61598687586
1820,65362.92083404688
1821,111697.87853587462
1822,146066.91420980077
1823,45796.51205320619
1824,128393.83518649147
1825,133194.78843966764
1826,111186.08361616758
1827,103997.01523809595
1828,135496.70870589983
1829,122047.08397324721
1830,144361.469900672
1831,150666.76102683568
1832,85613.26916179442
1833,133107.0024351925
1834,121112.99457001624
1835,128076.7194770117
1836,113846.07700329644
1837,79415.08572281717
1838,126488.33976973778
1839,93563.26808236109
1840,145579.448952302
1841,144791.1853981129
1842,86623.54561607575
1843,138040.9167199081
1844,139926.81312041072
1845,143901.0752200103
1846,153543.40087619607
1847,170176.04885538723
1848,54925.395259411926
1849,106336.4509986127
1850,120028.73156977331
1851,155227.26214355245
1852,122683.44534835743
1853,128071.51383307308
1854,168265.42355344357
1855,164715.50575627145
1856,222515.2391712306
1857,146233.4407376858
1858,137601.03382833386
1859,115586.46037119649
1860,140233.9788863309
1861,114759.29044434021
1862,296344.21487306734
1863,278389.84897707
1864,278489.20730961114
1865,346581.45829690574
1866,316601.9695232535
1867,226954.83409898196
1868,278450.72654395294
1869,205376.3970288547
1870,220737.38653117232
1871,256898.80300752222
1872,172827.3862562422
1873,249032.48207424814
1874,152195.7233412867
1875,205401.45591796885
1876,197553.50987523177
1877,211643.02586068996
1878,201249.37233499048
1879,129508.15700711585
1880,127856.48656916841
1881,252378.4904270394
1882,248695.05643723503
1883,188096.9375827436
1884,203086.50350275775
1885,248649.31028713117
1886,283452.7543678916
1887,214504.578057
1888,263540.2914508029
1889,169977.03210829975
1890,122658.26928199724
1891,122678.32678657395
1892,96429.30082570795
1893,134570.97908461382
1894,127968.50214379057
1895,140835.52138734513
1896,125152.8460776561
1897,114123.2439453399
1898,114061.81330163863
1899,159480.65479838595
1900,150335.64207409808
1901,160859.55915375132
1902,153653.16330820424
1903,206191.15846784812
1904,143463.29348464665
1905,200558.23051879308
1906,150078.76668107611
1907,214463.50388711685
1908,106356.79639590323
1909,131999.20724432185
1910,118123.49764390793
1911,226666.6420917915
1912,337852.7711950324
1913,131476.78143757334
1914,64195.89439604218
1915,298961.7011082947
1916,51411.10680861475
1917,249976.30328260086
1918,138510.79761612305
1919,183880.72723464994
1920,166641.64163632135
1921,344830.83909642574
1922,303316.65536169586
1923,234783.57358370625
1924,235383.864167875
1925,193482.1609977717
1926,350595.77480583667
1927,135307.93031303698
1928,166202.18671517505
1929,123766.26573297159
1930,134299.3789707928
1931,144488.1470915083
1932,138740.96418866084
1933,192915.19053457168
1934,181269.01806552734
1935,171956.08856707328
1936,195882.95758578466
1937,185759.04129062372
1938,175009.2109649816
1939,253989.66224172173
1940,200644.71864280285
1941,165158.7072496964
1942,185500.47211674857
1943,235884.45114853873
1944,356124.64875746804
1945,374967.14443984756
1946,154943.4198331317
1947,320102.9867467804
1948,172391.23921893435
1949,236045.9689951124
1950,192472.1156215129
1951,250376.34426284043
1952,214214.20722703973
1953,172048.5562985435
1954,187988.6998419538
1955,135370.45538067538
1956,299339.2091902314
1957,156728.8109994284
1958,282270.3369786634
1959,144781.56353978423
1960,113181.72164369273
1961,118450.39737231226
1962,99496.2338692461
1963,108119.09857457539
1964,109269.34666553437
1965,142323.3527576451
1966,137401.68726753473
1967,296351.28903591336
1968,392542.406639313
1969,361208.6777413791
1970,402973.87564734434
1971,460850.507815569
1972,368142.3816673154
1973,273465.73661754327
1974,319277.3690515926
1975,459686.14984912856
1976,271184.3460187855
1977,338324.36680974317
1978,349889.4520714295
1979,339483.99256866606
1980,216306.17092843092
1981,339526.36682348244
1982,231379.21023583855
1983,218441.3391822897
1984,181327.6787325953
1985,224586.6314495022
1986,210504.46070556642
1987,190485.9700540649
1988,171034.1479231045
1989,193356.90493871103
1990,206625.8789617187
1991,242011.47868327913
1992,212882.5044563454
1993,166480.85007198426
1994,233645.48461688883
1995,186026.06358854705
1996,251523.68309353216
1997,309498.34684548504
1998,311986.52403577295
1999,272171.3439140666
2000,310053.41015296814
2001,276220.74744225416
2002,230620.86436486768
2003,256400.48343735677
2004,281385.89373173035
2005,220253.05445328174
2006,225755.49871309593
2007,243144.14543848118
2008,209552.70955925324
2009,195310.12441655574
2010,193544.56725931613
2011,139120.47602318294
2012,172346.59418046486
2013,176619.65333234658
2014,182453.37095029216
2015,207302.94533090002
2016,191978.65541665364
2017,193438.26020787278
2018,114895.21027080329
2019,131833.2474125866
2020,104702.31149844106
2021,100672.65453592176
2022,182840.8796273989
2023,147665.69729146495
2024,265235.76177650446
2025,366919.871850388
2026,173226.65497360047
2027,154789.90636945126
2028,152212.85801514002
2029,165008.83615728593
2030,259079.0372359713
2031,227922.11156032822
2032,243623.7767942321
2033,247581.5810237239
2034,168876.66137431623
2035,218275.02393411478
2036,199568.5499960021
2037,201964.8033438699
2038,336414.0021688017
2039,242149.95680627698
2040,257594.47347786685
2041,284803.32245023956
2042,202872.31143020777
2043,176019.2721707309
2044,174711.1417371045
2045,214817.7319037764
2046,143300.4675667956
2047,139916.53537953808
2048,138511.1625539016
2049,149176.60037259382
2050,173029.81039573264
2051,97921.58790568591
2052,116860.97448933762
2053,146567.4440927711
2054,88998.22230716555
2055,148672.70660431424
2056,146073.86476287502
2057,113363.5856582247
2058,215090.5244497755
2059,132530.35239566423
2060,172840.78527309417
2061,168696.37363041908
2062,130110.84628737214
2063,113538.45515957942
2064,135690.3860480815
2065,115664.3001454302
2066,165481.85500210448
2067,110999.5288521957
2068,152415.4784548082
2069,81232.14160254161
2070,109424.70817093155
2071,90800.98004456038
2072,142916.81059165357
2073,129510.08689929603
2074,187153.82124245004
2075,152805.76280282042
2076,115278.78021693444
2077,154209.61489562696
2078,124490.35950166488
2079,134980.56278427065
2080,119672.98879161512
2081,128435.6839647681
2082,123596.50347710149
2083,145117.71811932523
2084,104480.36767029554
2085,113622.24571829964
2086,117567.74254116176
2087,126324.87088145387
2088,102191.5705107062
2089,76951.62134398408
2090,130762.36110930388
2091,111940.59982309843
2092,117103.65364733798
2093,118012.86935333538
2094,115458.36624674955
2095,149469.60586031384
2096,79524.9811900755
2097,99231.19017695419
2098,148882.33004992412
2099,49775.22756977103
2100,91697.68189810569
2101,109256.23823194817
2102,129762.04715887617
2103,99968.28074564604
2104,142843.37341494483
2105,123025.79692930577
2106,72233.17942315407
2107,192006.9847045547
2108,122084.02979170419
2109,109606.45659801025
2110,135595.03001890887
2111,144585.9194048107
2112,140982.31627410263
2113,124740.02985872536
2114,122509.46669789897
2115,167542.71342061646
2116,112721.77578091054
2117,162219.41556688212
2118,124208.27873217565
2119,118870.8035374632
2120,122227.463406854
2121,103510.95650112165
2122,113456.54574436281
2123,79116.92887554687
2124,163065.7144877454
2125,132121.26258652942
2126,154067.9325126227
2127,167226.4674065243
2128,124432.190224013
2129,79625.12891055447
2130,121502.523694686
2131,137724.6424382607
2132,105327.209399397
2133,110326.79611101703
2134,115171.30125002924
2135,79693.01689297086
2136,66887.36077723722
2137,106354.99783814071
2138,127979.74620130348
2139,151476.30547068312
2140,135191.7290063817
2141,160040.36081694794
2142,126403.20281309303
2143,145271.20474050226
2144,124118.62385932657
2145,134269.74072526983
2146,168504.27893121247
2147,139363.16261040862
2148,137438.43521899887
2149,147031.5847896037
2150,238472.9371280252
2151,115690.53250081748
2152,184773.61064768006
2153,159466.6711601334
2154,109629.53737176846
2155,142198.86924298434
2156,251578.10840357604
2157,227382.04436084343
2158,234823.25576175627
2159,209466.6855268348
2160,190576.33867584364
2161,238559.98427090512
2162,391960.54398644966
2163,332033.62029330747
2164,255966.14870809572
2165,203861.1109823945
2166,153369.38771713362
2167,223379.5910187818
2168,194722.159299754
2169,196539.4247816565
2170,220397.44447657312
2171,148543.5486206693
2172,133078.3389988494
2173,159226.67102525456
2174,225762.18774924942
2175,294351.35718011763
2176,300387.3499771615
2177,241496.49086070337
2178,215492.4353479032
2179,135742.25144739836
2180,215397.86702314406
2181,197959.08553702474
2182,225408.38401499944
2183,195857.04763798375
2184,117666.16861068661
2185,126130.0260284724
2186,150126.6149230042
2187,152715.95427325252
2188,154507.41289049346
2189,284588.6232285938
2190,74032.33626033376
2191,81615.05647632702
2192,88001.75944480306
2193,107887.39385199966
2194,104000.04211935632
2195,105709.56954240959
2196,98132.00972049705
2197,116830.58811988543
2198,150751.44859360016
2199,178826.08630004252
2200,149474.2648859622
2201,143948.7377828863
2202,218263.7428106239
2203,132495.6728725296
2204,173932.8296319091
2205,122875.45399172606
2206,138368.2162770823
2207,209946.0942644633
2208,261748.22933816482
2209,243084.88620303795
2210,117652.78347348877
2211,107064.47987622111
2212,112684.34010866309
2213,97539.08564069889
2214,125922.82083413072
2215,91598.76662969876
2216,139696.04702333343
2217,59963.80915458689
2218,84730.10479079222
2219,77278.60988788413
2220,76057.42865306594
2221,300940.8641595042
2222,269538.9048654024
2223,274160.99614153896
2224,209326.25011138106
2225,126035.84985065056
2226,180537.6240999303
2227,195077.19461426375
2228,265202.5925422646
2229,261030.08249430408
2230,147256.5843509348
2231,209969.1795012131
2232,175035.0859655083
2233,181974.89125145585
2234,234830.88404175214
2235,209147.02716021464
2236,258470.93593462574
2237,297643.6389038233
2238,193428.03081023885
2239,115316.45645273302
2240,156537.7621076729
2241,149932.6056178513
2242,124256.25131827367
2243,133156.61003551623
2244,106883.95070076328
2245,104480.67948348698
2246,141629.5818074511
2247,112220.80125790978
2248,118075.7358492153
2249,118877.94281847299
2250,125140.89290109371
2251,118278.93628401472
2252,181933.63299470546
2253,153117.77996040252
2254,178688.20336087875
2255,185074.91328399547
2256,177206.66155870553
2257,202850.49251014992
2258,160369.2058129247
2259,171784.7583244822
2260,138501.26685973804
2261,210629.64721441222
2262,231450.9207430784
2263,362596.7664780544
2264,508522.4478992158
2265,177347.23665945718
2266,313056.0091363072
2267,367721.5328493724
2268,436038.4436701229
2269,152483.50073175825
2270,197094.86855439912
2271,216179.3459112327
2272,198797.57767877658
2273,158933.29684495693
2274,178421.3909940613
2275,170361.7656992937
2276,198197.6330038665
2277,184404.467190159
2278,143865.26971284839
2279,122831.77674265961
2280,116769.5009631773
2281,168079.09499588667
2282,193828.87680334787
2283,109506.65083812118
2284,113835.9946197034
2285,139917.92823974998
2286,122317.33703032913
2287,368672.45528224384
2288,284253.74738909246
2289,383231.11084907333
2290,452933.53282766114
2291,321990.39707289916
2292,427341.4206468153
2293,465370.2312136045
2294,388185.0696905942
2295,478140.18422165175
2296,303423.49664831645
2297,349250.8803267438
2298,332203.0686646046
2299,345874.9685104984
2300,320986.2319678369
2301,305673.07020110625
2302,255197.74433794004
2303,254244.53954115658
2304,272088.47293284576
2305,212020.27201324407
2306,200355.2998424904
2307,207209.38551242257
2308,268774.43337212276
2309,279731.17394447356
2310,230634.64991428878
2311,210271.5975979401
2312,179040.69746962472
2313,168445.86810857255
2314,180083.86570646978
2315,181322.72865563186
2316,195888.1787887245
2317,187788.04652058939
2318,179888.60135344663
2319,183608.61298095234
2320,187593.61035060708
2321,240018.55288724063
2322,181904.31888804157
2323,196238.8341109107
2324,173018.96846301167
2325,223695.31214760526
2326,173875.12289921867
2327,202575.46493413515
2328,220679.58274191653
2329,192128.88083439405
2330,177762.56873676504
2331,346883.0668773918
2332,387762.03901649336
2333,315810.9978083329
2334,253884.8974919944
2335,278636.13686347683
2336,308300.49160677043
2337,200311.8561864584
2338,263384.2322931129
2339,212773.34049466543
2340,377627.71276001405
2341,220959.92149210384
2342,229375.65991655615
2343,226565.2950593693
2344,195151.03962246832
2345,235774.09452106693
2346,221807.01418967047
2347,202488.02887189927
2348,246847.92835731956
2349,179325.43738261232
2350,301715.4842096586
2351,253631.27858359623
2352,245104.11342427626
2353,231669.6089852982
2354,143952.09780231642
2355,148892.6777642534
2356,145479.65852395652
2357,190262.8831201484
2358,193354.25245994527
2359,132880.44575693316
2360,112060.17617078258
2361,142521.42066081162
2362,267696.54155841784
2363,131813.90250834296
2364,150748.219142712
2365,220208.0042614745
2366,196143.3321932073
2367,227982.80652629753
2368,211971.2844991297
2369,224280.9466846496
2370,166205.82660370844
2371,162415.94479634333
2372,187699.6638462637
2373,271239.3780008469
2374,316894.6510095995
2375,259116.24579165992
2376,271093.7227725493
2377,353083.5616865085
2378,155174.70384799482
2379,204334.27756025412
2380,148672.986666697
2381,169835.36865057226
2382,204234.04198948652
2383,200735.16855223285
2384,237786.01345930176
2385,162061.1050221393
2386,132132.20394203943
2387,133010.1560548271
2388,97824.64471336715
2389,120755.75452637201
2390,159619.371962632
2391,143042.47739161848
2392,112012.58443635885
2393,187098.91202896714
2394,143460.01706158646
2395,205763.03805046878
2396,145994.26189469133
2397,223600.24154770197
2398,131130.0172064001
2399,64319.946457103426
2400,65326.259891898815
2401,114843.50548788598
2402,133693.8012993876
2403,145957.42037464064
2404,144765.57129665263
2405,157513.87952977465
2406,138243.71675248185
2407,126659.10379019889
2408,146440.85832678966
2409,122035.0946775417
2410,174222.66451587266
2411,113653.64977973404
2412,152237.2008797202
2413,131000.80125354919
2414,152425.3456123272
2415,136509.9562110131
2416,123655.14718397071
2417,135165.1883569177
2418,127949.98273364907
2419,133238.52036422162
2420,121376.05382265385
2421,143283.9109400915
2422,110345.303720131
2423,120133.38332894273
2424,167306.10233700534
2425,203865.08347870316
2426,124896.73187475969
2427,124780.31874113018
2428,182994.81316044362
2429,110754.79211884087
2430,135072.45027934335
2431,105700.13730114792
2432,147095.01503790985
2433,143142.3131813
2434,136168.39596830777
2435,157151.2664987298
2436,99939.47283517751
2437,105003.83192217899
2438,121342.90451422513
2439,105278.82226604775
2440,123823.59091782184
2441,102366.85281486841
2442,95894.39547301401
2443,116182.2837508188
2444,133656.5246661988
2445,92431.37424623732
2446,129426.56801501148
2447,183176.676026242
2448,132249.50081364976
2449,109780.58016110718
2450,152290.4051945003
2451,136832.64573386326
2452,186188.7217120033
2453,91032.61308306406
2454,123309.32246858868
2455,117201.6607730262
2456,141251.4122641967
2457,151110.87809937794
2458,131245.08534001894
2459,112135.45273404577
2460,143375.04071021633
2461,128507.68074555084
2462,135500.0531785198
2463,124982.65512346919
2464,171507.6471065498
2465,141084.36693186543
2466,111656.28722334516
2467,134773.70227251668
2468,83648.95496470432
2469,77608.2989336928
2470,181865.93348377777
2471,189775.78495848647
2472,154242.41041140803
2473,107628.51441027125
2474,92560.5520514965
2475,209848.9010309665
2476,110998.88562442429
2477,128092.69203142093
2478,157370.57307754306
2479,100899.83069652422
2480,162549.5241911789
2481,122758.81441625186
2482,125929.85381046386
2483,110641.5257513771
2484,119060.4569117087
2485,121087.51089084934
2486,159792.08902673252
2487,163581.0707711241
2488,160077.46915709233
2489,153671.9942200275
2490,143396.08397450353
2491,88503.74197392823
2492,200963.8633088497
2493,157069.9027073752
2494,147348.26247215655
2495,88045.23727445285
2496,239683.7593456248
2497,152612.99832019047
2498,105289.53607488175
2499,82424.26438982629
2500,125211.36192360483
2501,138714.34411967354
2502,147245.0475795595
2503,98831.63511842335
2504,171901.57403235094
2505,250730.46920081374
2506,256455.88447921537
2507,290613.2880328984
2508,258173.64347631094
2509,218529.79644332637
2510,224368.3679303531
2511,174785.29882219565
2512,211491.2164580229
2513,226717.96839976302
2514,281976.5608673494
2515,152706.31707060093
2516,172777.7502343511
2517,147251.78908104487
2518,152878.30634884984
2519,242644.27274960297
2520,219850.60242688426
2521,187162.25438802765
2522,221408.872497436
2523,112623.02842996309
2524,134723.78001540867
2525,145036.64530919044
2526,141214.44235323023
2527,121896.16346732344
2528,121921.49856851164
2529,129733.08204172652
2530,119581.49521491061
2531,255548.35118676996
2532,227766.8251193632
2533,189746.8073252412
2534,244208.11796180913
2535,290162.97171728563
2536,233306.95027337037
2537,246364.11621241906
2538,187436.09594264976
2539,190685.14774201487
2540,184976.17798986388
2541,181838.77941573632
2542,159006.6664462232
2543,129929.25787370863
2544,117731.06048575255
2545,137322.47584861386
2546,126929.42802854894
2547,135810.68027188294
2548,156397.7440988704
2549,160588.8336703664
2550,732692.4876954232
2551,145011.2986196818
2552,133404.31740430387
2553,74867.13736306768
2554,93892.92442597036
2555,116283.87125579441
2556,96220.03658838333
2557,96832.27548729586
2558,126101.3923019789
2559,147393.01350593727
2560,153700.06639019816
2561,143579.09002504777
2562,151647.02509976923
2563,145967.48180645346
2564,190620.24165304136
2565,132356.4566836035
2566,159520.92826211877
2567,139654.13464596157
2568,204093.93098593492
2569,257658.9117331943
2570,117277.02112639988
2571,196367.92128346907
2572,161575.120636207
2573,236459.36430375432
2574,289580.0933507909
2575,124002.91861581564
2576,111166.38428873707
2577,120607.54307180316
2578,79747.45152501226
2579,55088.81109385609
2580,103284.01033907614
2581,111848.20383804695
2582,111512.5527302257
2583,307999.3131494253
2584,189903.84192132048
2585,185746.8621228233
2586,227070.87929072208
2587,204000.8338436107
2588,146637.40723380772
2589,149699.58054310095
2590,202425.06150867604
2591,216507.09891676347
2592,214936.27215263853
2593,251460.74589652882
2594,185741.4692742958
2595,196835.54410056773
2596,276880.0968149393
2597,182515.2174725734
2598,288429.4265565975
2599,351361.8297292925
2600,148106.67322135516
2601,141584.02233639918
2602,85450.64432201815
2603,92090.01567891077
2604,87108.81567288919
2605,78012.67360660883
2606,145698.93086140454
2607,203366.31076635575
2608,183911.96276605118
2609,165381.0301593181
2610,108871.01388274104
2611,120541.1162069415
2612,158584.56658221822
2613,124787.9076300953
2614,117464.19066941366
2615,154478.06181414874
2616,144087.350691727
2617,188872.36190486632
2618,210198.17127895003
2619,201096.37010753254
2620,178574.25942937384
2621,173320.51982768814
2622,180337.7944090326
2623,239419.6617607209
2624,303362.91288693284
2625,305114.55956684524
2626,169949.87934282052
2627,170151.77279772735
2628,471838.1363104395
2629,503862.78317505535
2630,391398.7027260433
2631,462709.31466317526
2632,394518.6996318174
2633,318673.97861727467
2634,408669.80693977664
2635,158136.28192917636
2636,170846.79993779378
2637,179090.07708472447
2638,265469.2103382137
2639,184051.4528600957
2640,146488.9459167612
2641,101832.04874339236
2642,193620.76569424156
2643,105360.85687315118
2644,122813.6125948939
2645,110896.24598234656
2646,97128.01017364564
2647,106845.38167031064
2648,144354.77259550674
2649,152075.81183079496
2650,136787.01133584013
2651,140671.98163763265
2652,405944.8419411074
2653,261406.663881872
2654,263050.563732971
2655,383618.90963186097
2656,324045.6875642083
2657,343426.180866215
2658,299383.4460912806
2659,318477.8491710167
2660,361450.9461940735
2661,364349.1071273382
2662,350775.552953848
2663,297755.2619817806
2664,270502.63625130366
2665,325164.82625866425
2666,291985.5590439498
2667,173532.73171510475
2668,181698.61639617477
2669,185238.35961495034
2670,273266.21569222724
2671,186964.90800849465
2672,199611.5398160439
2673,195902.83777910325
2674,196326.60871337124
2675,180206.75176395278
2676,190747.36682424173
2677,196158.6317642502
2678,246789.80174917006
2679,277609.1709346939
2680,294665.7512013496
2681,364484.50667791616
2682,304852.80495542136
2683,476266.8852379287
2684,324674.8601062333
2685,320442.8430190333
2686,258665.52385993762
2687,297411.0329988491
2688,216493.5573178618
2689,215335.5827823214
2690,387990.90350520244
2691,186546.8674411738
2692,143325.46436066175
2693,207443.48087340762
2694,138950.81647845602
2695,187438.61725125017
2696,179485.5191436021
2697,183116.4805756179
2698,180243.2389987958
2699,179267.33813282964
2700,160620.30341024575
2701,142692.95714413282
2702,107941.08258773905
2703,127551.85994509139
2704,142267.9745431771
2705,115183.52734207873
2706,102083.66122561909
2707,113462.50978162215
2708,130727.69721470239
2709,101338.45927658735
2710,126304.67336333341
2711,246406.4734447189
2712,366791.82560069446
2713,168853.51212498668
2714,148081.68984364637
2715,164792.9646761619
2716,145804.1487627467
2717,196552.58722622646
2718,218414.39611537618
2719,149275.21251975288
2720,172252.83960963713
2721,128306.06349436929
2722,159163.7462381947
2723,142577.08019000964
2724,127198.17976399974
2725,124210.58641475439
2726,154378.72891883345
2727,190241.65261161939
2728,177960.54839150663
2729,146853.29088497674
2730,146740.71713969528
2731,119642.52557800342
2732,130199.00352636815
2733,155996.8477838676
2734,154097.00557918858
2735,131214.23187565664
2736,137202.26155567248
2737,116014.2742816125
2738,138457.38978933086
2739,156910.36260583682
2740,130573.7305306349
2741,150757.82254683034
2742,152578.37057191852
2743,149986.55624038097
2744,157904.99337613108
2745,140228.41420986998
2746,133590.66603672176
2747,138392.09552684828
2748,119958.23872072148
2749,125540.49612127598
2750,134725.9578030097
2751,128885.78620482434
2752,198328.68910310752
2753,156752.58386998397
2754,191494.9948470351
2755,133765.80228665788
2756,90995.04377395382
2757,66910.57511410181
2758,87187.46104678234
2759,149213.51926565584
2760,120512.77935273244
2761,139372.4698503918
2762,143700.81296103407
2763,179225.28858413117
2764,149467.2533419221
2765,278060.96009379136
2766,122525.06246087173
2767,87122.59147965482
2768,130942.9748641664
2769,130131.796263857
2770,140130.3918927594
2771,107773.11922403148
2772,111006.63091135783
2773,162501.64221086242
2774,143164.10087644472
2775,120756.55365819485
2776,141789.95672722816
2777,152562.6200937712
2778,103099.58332133648
2779,122775.99270605677
2780,99907.38461342128
2781,92013.13309489263
2782,93009.5225553595
2783,94865.98577699694
2784,123179.54916096709
2785,130209.38015641317
2786,64025.521755266906
2787,132156.6407691836
2788,78314.55409802467
2789,162569.49901142326
2790,93994.47700199626
2791,112028.43522633021
2792,64524.52489539353
2793,145452.5807713295
2794,96720.32589333781
2795,122294.63160813686
2796,94630.06210277506
2797,206698.31635509504
2798,101874.61797157241
2799,109462.38593328431
2800,65034.11129546914
2801,94362.84573891305
2802,125920.20810054612
2803,171467.2667130552
2804,131914.24588101616
2805,94084.2525220239
2806,79614.99359500465
2807,162009.8060486469
2808,139889.29044796285
2809,132751.1434809635
2810,122173.4367083681
2811,158282.01966195414
2812,168008.384869458
2813,159189.48893128475
2814,162583.9755975322
2815,100739.34151771678
2816,229577.69042771545
2817,150266.02348632252
2818,128652.62132948598
2819,169937.63245973943
2820,133247.7063596869
2821,99108.41187658759
2822,188945.92461397505
2823,313289.7805946484
2824,173120.5574601465
2825,142463.5335559949
2826,132067.83124763824
2827,139949.78500130217
2828,213118.0066810377
2829,208906.58846643084
2830,239849.7972494721
2831,176975.6454497066
2832,251220.51033635417
2833,296039.66799198464
2834,232544.82274006336
2835,233882.20481463993
2836,188697.21621645923
2837,165091.73023284532
2838,146294.52094901662
2839,169826.1248210261
2840,204919.56522416894
2841,201090.63644197298
2842,231820.896858257
2843,147537.41861797066
2844,167763.39596154285
2845,120163.20321691077
2846,206339.6660692909
2847,204484.86531157483
2848,226302.9319328026
2849,200180.15446847014
2850,266695.55254137807
2851,216851.20206779527
2852,226361.95570526095
2853,234491.4081134068
2854,136378.15119237598
2855,202510.95991037236
2856,206069.6058542734
2857,186709.62307424954
2858,213652.62854317203
2859,118870.76003080374
2860,138906.83313831687
2861,131035.81858284757
2862,195536.60293888184
2863,129567.75177378506
2864,230938.05057526726
2865,154481.11071723115
2866,143642.7436431856
2867,98532.8223095783
2868,94916.1232607313
2869,96616.31061802976
2870,130999.1860840936
2871,86771.07303265049
2872,46942.84400264501
2873,99764.1084044003
2874,143545.98929818854
2875,122419.03006965281
2876,158830.28315435012
2877,133999.53217675883
2878,159004.3139213338
2879,139866.4586983871
2880,105543.52209880002
2881,151645.42942197376
2882,174173.72145548993
2883,201942.92425805362
2884,196758.90739182755
2885,179605.6200777365
2886,233070.86101476988
2887,86980.82526587673
2888,126829.0122140875
2889,56081.58505091449
2890,72512.55719240659
2891,130625.62026223278
2892,47796.395200381994
2893,81374.89486666185
2894,59066.585661686055
2895,334400.99140161334
2896,282495.3524429459
2897,222921.18741361288
2898,157332.85729518151
2899,203721.8675253168
2900,156251.0843315467
2901,206081.83680342318
2902,159782.60468717723
2903,310820.3364482875
2904,336919.88677483535
2905,78445.23767378568
2906,201260.20392373062
2907,112201.83787337683
2908,126980.86649273109
2909,160731.03552547836
2910,74144.0796474134
2911,85487.93450906196
2912,153146.0796610733
2913,82085.99594362888
2914,78761.84093067612
2915,87388.74224796878
2916,83326.05798501897
2917,167546.43727950973
2918,121188.21159783917
2919,217934.83808243353
