ID,SalePrice
1461,123853.20073239961
1462,159801.39168275968
1463,186065.46342446524
1464,195887.1510060111
1465,209735.01031345717
1466,172630.86294612015
1467,176773.68156323206
1468,162595.28120966736
1469,209028.09056129624
1470,114752.0825930469
1471,189236.4713377188
1472,98450.47239596203
1473,97231.84261821286
1474,140359.0682627889
1475,109460.868273304
1476,348565.03315043706
1477,265284.72608299454
1478,292412.61316369445
1479,285981.8641386128
1480,444283.23853136
1481,332802.4997822326
1482,225691.6867553563
1483,181415.41509423233
1484,162438.35039088177
1485,187827.21299278623
1486,197513.75230078396
1487,329181.9505772548
1488,234434.2598586775
1489,201584.33333795753
1490,226103.3951804433
1491,195920.60712209306
1492,91992.08618950708
1493,198526.82883827694
1494,290632.1181999411
1495,286164.78181178175
1496,225131.9502130689
1497,179826.78976281072
1498,159568.0253644143
1499,156368.4035225053
1500,149002.31676213196
1501,166702.21975860576
1502,142862.40682070624
1503,283238.60923469305
1504,242910.3568600402
1505,224300.35985712297
1506,195042.3363358297
1507,245125.71799074634
1508,203906.5404586512
1509,160889.83537351733
1510,146692.41405312225
1511,148224.72020354428
1512,170622.53086328268
1513,142129.49692109655
1514,160008.5352972959
1515,192769.54716130963
1516,157855.988643786
1517,173659.2653879498
1518,134491.94114474283
1519,212259.01259901098
1520,128788.75571943741
1521,136346.928948122
1522,181696.76715617438
1523,110371.8470697871
1524,124557.56855921164
1525,119493.62691184317
1526,121157.18778247132
1527,105352.00847920672
1528,141768.4034191159
1529,146550.26352689572
1530,191008.7431482356
1531,107376.1646823905
1532,96512.41225115032
1533,147573.1580308865
1534,129907.90076056766
1535,154971.12462859263
1536,112417.8553602898
1537,75052.19305003257
1538,150184.95467674223
1539,199168.26140552407
1540,94830.62813447771
1541,150231.43706830867
1542,150470.3797624444
1543,194413.808401751
1544,86949.97909034221
1545,122266.0752004524
1546,136442.3726758195
1547,133877.9374625342
1548,142555.63298468743
1549,122862.83587178159
1550,137030.84262860485
1551,114790.9292857594
1552,127114.28657328746
1553,144631.39055902924
1554,112052.46522559194
1555,169391.62098818348
1556,85959.98283712509
1557,107444.31050890674
1558,101699.79520291286
1559,106512.36827093252
1560,134176.7973292078
1561,111914.12716793526
1562,132096.22252941862
1563,118070.912724058
1564,159665.55435810218
1565,151602.65022586207
1566,258072.53586417675
1567,76686.45022676609
1568,235367.26050567866
1569,129942.91259897932
1570,139945.9499971506
1571,130055.127469057
1572,146677.9710456042
1573,247062.49880335925
1574,120657.51144555678
1575,230891.75361963676
1576,242343.7061550117
1577,186066.05950098502
1578,143906.9754418953
1579,148782.61734889905
1580,200259.93412374987
1581,153927.75442348915
1582,120640.84516815502
1583,296099.55613821174
1584,217557.91982552124
1585,138540.62540467607
1586,64166.14466158536
1587,103203.38614414689
1588,153058.8123400757
1589,105009.80057365626
1590,138174.9793145754
1591,95333.58330880152
1592,121094.16796280943
1593,120020.7282381495
1594,123554.78775713462
1595,121257.47880871495
1596,227601.5785687488
1597,194656.4852658387
1598,229672.1657918834
1599,179005.01702499608
1600,173306.23972949068
1601,59513.58858066301
1602,115617.6507848249
1603,77564.94703118759
1604,282858.8188754795
1605,245993.2760215051
1606,165233.66523888835
1607,178569.5639239874
1608,218946.9438013687
1609,188483.17274083372
1610,148685.78801282
1611,145616.30538885415
1612,170766.11966931666
1613,166175.52596395754
1614,126975.11891977793
1615,93482.40866810047
1616,80608.20833064122
1617,95611.05430992751
1618,121972.39352523138
1619,134280.94122986487
1620,170152.00334795465
1621,144856.0428939116
1622,137711.2757233599
1623,268365.68785334536
1624,214922.7426188486
1625,125868.3321025305
1626,175079.6018107705
1627,191487.29730446896
1628,289219.4546422282
1629,183105.21349951212
1630,344632.9748186551
1631,238626.8173392406
1632,258735.03794884987
1633,173092.25676198566
1634,187775.43237365992
1635,177001.24141864313
1636,154376.11201066835
1637,200943.02243546807
1638,196353.59463271554
1639,189778.0373919883
1640,250867.50381436443
1641,184380.56784694362
1642,231078.4163823338
1643,225037.95274638568
1644,238595.65006435144
1645,194692.4437729064
1646,156370.83932607967
1647,164463.6547559173
1648,129702.39365972608
1649,138125.01160014197
1650,113299.8085725101
1651,122624.95832163158
1652,99573.16031203458
1653,101802.18914815292
1654,140643.16501713506
1655,134490.7591758955
1656,139016.0041545853
1657,144127.61471335046
1658,141936.32792675126
1659,117374.06085650602
1660,154582.01829571725
1661,406027.8674106425
1662,383976.0416373183
1663,356895.1602694317
1664,481329.737477914
1665,292136.7470712955
1666,334155.4633317429
1667,356208.3653313098
1668,315485.55626533245
1669,293718.62812245527
1670,326572.60923630255
1671,262008.87450142074
1672,384081.1823237626
1673,291442.3092194177
1674,252831.73790909947
1675,202987.8174348096
1676,199716.69197556778
1677,227765.55509258123
1678,455864.4195247691
1679,361508.2827073295
1680,324733.3827178384
1681,239624.81936280843
1682,313364.2142368934
1683,191389.48284255617
1684,176737.20725297183
1685,171965.28878498368
1686,169775.28081929818
1687,170296.5580341357
1688,192466.56060320503
1689,193815.35577447413
1690,195897.62411320762
1691,185185.31113641537
1692,261724.02075047314
1693,171415.02567341208
1694,181927.4854156262
1695,163302.09277869127
1696,274520.2749874731
1697,165935.16828391558
1698,335246.31038721604
1699,299298.29080482916
1700,245279.7461899405
1701,273293.0242571018
1702,249353.55974901054
1703,239489.3896301518
1704,271742.9315579466
1705,236228.67836915457
1706,385806.4941093721
1707,213734.78229816258
1708,203060.92666974207
1709,271674.0354255979
1710,227382.61137325733
1711,273379.5554728291
1712,261435.42776880146
1713,254960.0388807207
1714,226575.7119147298
1715,210632.78784355804
1716,184231.1095962512
1717,179612.60340129866
1718,144318.17501938887
1719,213215.55164621
1720,239830.9495023431
1721,157644.72140260495
1722,124167.20901579745
1723,147047.1094716963
1724,210390.26314677857
1725,237416.42407291068
1726,190277.06346109943
1727,161067.71802011374
1728,166135.91615050472
1729,168352.12444186735
1730,160249.9322279023
1731,121014.37626498735
1732,121815.49819959771
1733,112072.59989312927
1734,117847.33576696196
1735,113143.5853480083
1736,108018.33310468233
1737,277524.44824938435
1738,241550.27899558478
1739,229492.55551889064
1740,217063.27731969152
1741,189103.36726936523
1742,166976.79239086728
1743,176794.05908988236
1744,291069.8783086923
1745,225277.08280009532
1746,196409.4608344347
1747,220435.31199833736
1748,217173.79147779758
1749,146279.2811141619
1750,137819.40982795888
1751,260006.32857749346
1752,113773.97717551955
1753,154397.25648903588
1754,203911.88780929454
1755,173408.06522034458
1756,117824.83487392601
1757,117199.83148773396
1758,138924.59575713586
1759,164867.36809826814
1760,165274.47660079953
1761,159951.4059005901
1762,172325.36031154275
1763,189700.36551376528
1764,115183.67176598008
1765,175650.77445750035
1766,186899.7791869828
1767,220912.7997471764
1768,134816.72206226698
1769,175674.38483098964
1770,146248.87914350262
1771,129757.07883012654
1772,140267.60821812542
1773,120425.83289846515
1774,146164.20708495556
1775,140542.01517657313
1776,126175.35629192936
1777,104064.89681085708
1778,136342.39975757076
1779,114443.63936175371
1780,182930.57985142435
1781,128030.061446204
1782,81735.98011159082
1783,137975.6863671599
1784,99079.57942707922
1785,115475.40166191636
1786,136238.163387525
1787,158138.968292088
1788,57932.51280827188
1789,93213.20709809358
1790,76236.4477533776
1791,188505.72545496796
1792,170848.34449936007
1793,134011.9214109859
1794,153476.844980909
1795,140582.0543550147
1796,116633.90525648998
1797,125711.21982673784
1798,122319.04494630174
1799,102913.20580415195
1800,126584.9315296175
1801,128174.5850255821
1802,153441.89865970597
1803,150512.46567879396
1804,139643.67231168994
1805,136922.251713996
1806,126170.62606099996
1807,131701.54947857952
1808,118922.42844120048
1809,114529.55231185674
1810,132805.1231599257
1811,93117.16553168194
1812,102279.01965901109
1813,123001.82323508967
1814,89631.43683410987
1815,51002.216091170005
1816,95411.58179476435
1817,107200.83149747057
1818,148606.14245778776
1819,123871.57484607356
1820,64312.49358484895
1821,110178.97360283132
1822,146716.69233648243
1823,49673.4482964041
1824,128951.44171731653
1825,130019.91794496894
1826,109246.61018771985
1827,111080.16477556551
1828,137320.55931691595
1829,135252.86452621824
1830,141726.07358047264
1831,147049.15059431235
1832,88897.31137880863
1833,133205.61581070803
1834,118746.40755236344
1835,132887.70791306914
1836,120779.98253745378
1837,85836.64171982107
1838,126054.21370945277
1839,94825.9357830685
1840,147530.0850699741
1841,141728.67773884346
1842,86431.92747322223
1843,139309.0947817114
1844,141267.5466009871
1845,144705.58713214225
1846,157336.8210065628
1847,169998.22090269852
1848,54103.61369541992
1849,112411.84413617036
1850,122864.7854371261
1851,156939.0498793058
1852,124230.72172223731
1853,126925.52797292378
1854,172859.99532728925
1855,155578.83554851013
1856,223672.80021169694
1857,147922.89914543566
1858,145775.16440267937
1859,120202.19723881144
1860,144788.38484400293
1861,119303.15939862384
1862,295510.0600037202
1863,277993.75565026345
1864,278103.4910240378
1865,347010.4807799062
1866,314968.5856884256
1867,227602.50033710344
1868,285991.7172203659
1869,202419.43304180927
1870,224466.30356992828
1871,261384.25707226834
1872,172509.1197005377
1873,250557.7678708165
1874,153007.4063154416
1875,212787.5916968494
1876,200269.99542130847
1877,212920.46973696465
1878,209218.89382112413
1879,131830.48239171988
1880,126410.0562400674
1881,252749.9121899866
1882,249300.97986927273
1883,190005.68279869648
1884,206510.63829173337
1885,247538.44054334387
1886,286836.45461482
1887,215451.50978332764
1888,266613.482230127
1889,169249.34617546757
1890,124461.27508803757
1891,130571.09487755007
1892,99007.0802581996
1893,135733.07458876373
1894,130739.39149910677
1895,144514.81493385878
1896,125036.9971871335
1897,115784.08995998371
1898,113460.02317853564
1899,157560.31862568946
1900,151369.82029748728
1901,162409.9232477643
1902,156916.49636047622
1903,205076.45615565116
1904,145839.48450934584
1905,201595.99015786007
1906,156245.09436276124
1907,219197.78529757893
1908,106028.9668332024
1909,131295.48964781183
1910,117451.69655783538
1911,223844.05049264192
1912,336212.73238515126
1913,132972.20198736628
1914,65458.67870786682
1915,301114.73315695004
1916,53141.844821682476
1917,247249.42334934874
1918,137176.21533520607
1919,181646.50525008581
1920,172448.23408373725
1921,348583.87778884347
1922,301634.6692608325
1923,226772.6786384073
1924,234987.673110621
1925,204164.59270625727
1926,352749.1360054059
1927,133270.3789586247
1928,161947.7328293444
1929,116835.4043843502
1930,130406.64652852034
1931,140462.66382781052
1932,142060.78649076237
1933,181052.6437035003
1934,183129.57845948855
1935,172542.53133552894
1936,198874.48751003062
1937,190623.62011831035
1938,176118.08427560853
1939,258438.11055717024
1940,201707.37846065345
1941,171339.62691202998
1942,188909.86569323303
1943,228322.21092278976
1944,349026.34159000614
1945,370507.50156841095
1946,159304.88307057883
1947,317050.0837234526
1948,177479.31585247215
1949,233992.16964384378
1950,187278.29089859413
1951,249041.7234383704
1952,215320.68569176793
1953,165976.5342164274
1954,190181.59154246972
1955,136714.79709707317
1956,297332.101163477
1957,157550.03838809868
1958,283823.56392741547
1959,142779.3274914816
1960,113611.3402060691
1961,119517.64288137441
1962,100194.08742482473
1963,107205.69331711788
1964,106928.91970163693
1965,139296.71148966815
1966,139365.1448214116
1967,305461.59808929486
1968,383607.66206745605
1969,356834.44789080287
1970,410015.8150070308
1971,467887.94464021054
1972,359189.0064916617
1973,278388.5224766594
1974,316787.6923279642
1975,575426.9693602148
1976,269817.06762071815
1977,341452.3480504506
1978,347920.6524284474
1979,331733.92009295523
1980,216362.14184068044
1981,335287.5942544606
1982,226992.94169093762
1983,216029.8829232954
1984,174975.0025917164
1985,224555.12892755703
1986,213350.66734958618
1987,186862.44143770676
1988,170859.96916590605
1989,194074.76707111517
1990,207466.0096745106
1991,241511.58859252278
1992,216378.9396578739
1993,168566.32892221867
1994,235683.7497522752
1995,187271.1502367368
1996,252392.82289066096
1997,295805.6205092999
1998,302760.05132933543
1999,261503.9477981517
2000,299507.8700608746
2001,264940.2868714284
2002,233982.67009620255
2003,253940.95784000657
2004,286847.7194847051
2005,225128.50695675096
2006,231220.66015136917
2007,247870.4395132015
2008,215893.80044195786
2009,196718.92717922432
2010,193784.7099064431
2011,142361.49641149843
2012,172346.77926758566
2013,178411.8551313591
2014,185891.980520204
2015,209289.15094793797
2016,191844.0308649798
2017,196440.67521601758
2018,110000.3852149252
2019,128099.18031666255
2020,100208.77969740516
2021,105109.85112492752
2022,184281.8838288541
2023,147084.88268332678
2024,259305.16763100692
2025,350168.6027965215
2026,174393.5126907098
2027,151823.70034539682
2028,156971.4645525289
2029,163666.75679948844
2030,256216.79886965686
2031,234007.43168131242
2032,243997.66096663542
2033,243472.6963431177
2034,165146.75393591414
2035,221650.1107827135
2036,196031.79892213884
2037,198189.90019219677
2038,314889.6993344531
2039,241522.66432651412
2040,267716.98752321827
2041,281469.0852835047
2042,205481.2821351129
2043,177825.60804702653
2044,185714.0974386742
2045,204397.18793096786
2046,141554.4753162659
2047,144692.94453124763
2048,139187.6449057704
2049,148656.80305657582
2050,179043.41439080134
2051,99835.76806894544
2052,125864.44330884621
2053,146406.84286140578
2054,89397.79376701341
2055,151642.77245474575
2056,140859.55832781005
2057,116490.77868214482
2058,212853.74111388967
2059,129122.52764951003
2060,172164.4722895338
2061,174296.3417464204
2062,129223.5189501536
2063,114703.63328581548
2064,137070.2312814417
2065,117108.82120061926
2066,162182.6037978703
2067,110237.51409243386
2068,151002.45209485939
2069,79310.16981634
2070,107212.35365681982
2071,88174.33293081715
2072,139004.6268896906
2073,129500.43787990214
2074,181418.1394506256
2075,157776.0943786041
2076,120372.99873149929
2077,151928.95897753062
2078,124825.51406807521
2079,136013.42896919773
2080,116371.3958002111
2081,130400.78826516848
2082,128502.97763445618
2083,147665.7778878152
2084,103418.61832623763
2085,115776.65835230511
2086,118860.98364093513
2087,127289.38200275518
2088,102182.84405879372
2089,75632.91942005337
2090,131900.70551926567
2091,112574.98662905913
2092,117062.25253636278
2093,116139.88846610977
2094,116973.75898903726
2095,140930.56414638256
2096,78894.03086840139
2097,101666.79963021302
2098,145226.4603252961
2099,50056.08012390388
2100,96858.32697539848
2101,114771.36495397787
2102,130497.4795909651
2103,98056.84278626025
2104,144073.18153575427
2105,126054.5263234842
2106,75106.07012962498
2107,188004.9037917644
2108,117930.99152124296
2109,109287.47112818353
2110,130949.8252732178
2111,150299.79706230847
2112,139719.29533255918
2113,126015.73713461141
2114,126920.14354626095
2115,167601.5568968787
2116,117249.46589476104
2117,159854.8792731269
2118,124373.1378135206
2119,116198.82406495998
2120,119478.78579245818
2121,109780.82620255956
2122,112085.77150869052
2123,81632.29294590716
2124,165047.6469770475
2125,131379.04673535615
2126,150554.73245888558
2127,161565.22768813831
2128,121124.35583433945
2129,84598.52726347641
2130,131238.77145526189
2131,139878.1069992169
2132,110853.70608638457
2133,115014.48629737405
2134,115551.5434508252
2135,84381.01205250373
2136,67439.0081859905
2137,109987.04071603128
2138,136903.75638825787
2139,152141.60454233256
2140,137951.4729285664
2141,151600.959503482
2142,126912.35545793561
2143,147189.7944215064
2144,129723.98129352246
2145,134178.19418882864
2146,166839.32299948545
2147,138811.6967025165
2148,138389.6484754944
2149,146959.2780944228
2150,238593.81365372287
2151,116243.30151156569
2152,177320.1602789792
2153,164646.0418778454
2154,108782.03466825295
2155,144024.53956105962
2156,258222.62091423155
2157,227212.4304596046
2158,237234.95207188252
2159,207960.4555962428
2160,190055.96581201185
2161,242191.8134202343
2162,395352.22480134683
2163,338751.8941788992
2164,253691.70904455995
2165,195612.8831069077
2166,155284.6731503108
2167,221549.97874391905
2168,200839.1831323458
2169,199156.54283598674
2170,221235.2230282545
2171,151537.2832666596
2172,140494.79129347607
2173,166727.73970480094
2174,225551.19323075435
2175,294652.8322697937
2176,305225.50527249405
2177,239084.69591242404
2178,216785.8324013319
2179,138837.4935931428
2180,225174.60137638444
2181,202901.95040927484
2182,232440.37413922386
2183,196922.5545588505
2184,129784.82997509214
2185,127860.23659690688
2186,153142.97004517613
2187,157322.1389816377
2188,160396.9838400804
2189,276819.38122530375
2190,77355.28838057347
2191,80144.97804222477
2192,88552.51902108046
2193,110567.69567879077
2194,105357.19604374023
2195,107453.3230197302
2196,102930.40649233505
2197,120282.54812446155
2198,146889.4640363729
2199,175222.30238519795
2200,150874.20900619918
2201,148179.0165642439
2202,219919.7979530208
2203,132581.2222376496
2204,175414.55716454165
2205,122972.57120338119
2206,142556.90380570342
2207,222771.0793987548
2208,264312.24430873775
2209,241458.8357570727
2210,117130.6417824713
2211,110460.08843085491
2212,114439.34809321749
2213,98446.51817811029
2214,124731.05510820578
2215,92338.02482364837
2216,141076.13049397184
2217,64916.945851554025
2218,83393.36742654198
2219,79352.18759457371
2220,79353.68712087696
2221,302489.1399242535
2222,273214.9078179898
2223,272761.12828633963
2224,210367.61512718492
2225,128849.86635916488
2226,178492.28210020246
2227,191324.99626573137
2228,271567.6753767303
2229,261260.23775550054
2230,147715.30504012166
2231,217235.4625807463
2232,176622.27763282866
2233,185716.36715344875
2234,238767.50765166318
2235,214456.74284472593
2236,258977.5205997011
2237,300304.48482559685
2238,199237.38301187492
2239,121865.33492250854
2240,157671.59621864857
2241,150684.76301355203
2242,130471.74316738818
2243,131568.64200066435
2244,107733.7529245198
2245,101321.1447387308
2246,141320.10616051638
2247,116833.35333720323
2248,118039.8955806066
2249,116989.80335709453
2250,124893.91758814182
2251,122172.82332461036
2252,182721.9152066788
2253,151177.60918898843
2254,180305.9613711842
2255,193537.73762096025
2256,179712.35184578848
2257,204567.0044380367
2258,162947.46229189637
2259,174035.746084854
2260,152358.67964256008
2261,209312.97250511768
2262,228091.3259582071
2263,357362.58847225225
2264,525198.7266803843
2265,183383.6741016417
2266,301218.75991013367
2267,373037.02013775555
2268,442982.3734095413
2269,161848.10508820612
2270,194340.18383317607
2271,216373.8637983471
2272,196335.1745061206
2273,158355.52237004452
2274,178500.60815015956
2275,167580.8740045543
2276,197680.81042860035
2277,184513.09713580934
2278,148058.95425899082
2279,122107.05634078363
2280,118215.37094832597
2281,164959.50921680246
2282,188282.90438053067
2283,109848.95922493869
2284,110294.48496331254
2285,139990.5760034268
2286,123647.52414317962
2287,361702.7084050406
2288,288809.2852554489
2289,376811.64897546254
2290,446734.9024034591
2291,321106.4247697279
2292,422719.57939230744
2293,459339.66767413385
2294,376051.45817490184
2295,471447.8315186255
2296,300828.0032365093
2297,339015.7874553541
2298,327823.33512714616
2299,335328.1323391521
2300,325887.81632443226
2301,306739.41888083634
2302,254288.02716199736
2303,254839.50803272962
2304,270863.8285317897
2305,208330.31385435874
2306,196321.59277217716
2307,204295.720044039
2308,233334.03252937287
2309,274975.53353041335
2310,228078.0433819443
2311,207793.89276504156
2312,181180.7361099362
2313,170931.638451103
2314,188712.0259377255
2315,182776.8426319659
2316,199854.11168293585
2317,190749.07717952962
2318,185001.4173346784
2319,189596.1611103164
2320,189560.3253953047
2321,238691.48827794628
2322,180945.44367197534
2323,195437.0948671262
2324,176195.45411422715
2325,224790.11268840535
2326,172429.4406725091
2327,202387.53077565038
2328,223235.3140431032
2329,194919.05850967029
2330,181322.633611763
2331,337095.4975169657
2332,379511.6048180825
2333,310276.4248650963
2334,248560.42628278185
2335,276147.94889153127
2336,301685.8842564678
2337,201926.01025786618
2338,266493.14215878764
2339,218967.16438062792
2340,377841.8361241843
2341,214107.8522868001
2342,231542.35929313416
2343,223184.7738548302
2344,207334.62517859475
2345,236161.59905916863
2346,225618.90191601426
2347,204299.66693082574
2348,253344.3504010688
2349,178515.59989240186
2350,303643.64404727897
2351,249733.66140068616
2352,251027.58009948276
2353,236008.46150154644
2354,149735.96619593308
2355,153399.7133859498
2356,144026.79790799614
2357,190442.36084283234
2358,196553.35429959148
2359,132911.0304647553
2360,114906.61200414918
2361,142329.68793960617
2362,272617.833560202
2363,131992.53111475206
2364,154557.86049897774
2365,215728.35253155418
2366,199368.82418635202
2367,233554.7619849192
2368,213308.64623407112
2369,227587.73480181606
2370,161035.9415147745
2371,160009.73455012278
2372,190591.42753299323
2373,280075.6908864181
2374,314752.85408132884
2375,256369.7906692593
2376,270740.9631300736
2377,341070.3490118244
2378,137614.5992807355
2379,197607.10846717135
2380,149913.41841711345
2381,173122.13003256425
2382,203842.6074091068
2383,201337.15562582907
2384,236942.35229567098
2385,156482.7735078127
2386,131918.15096197138
2387,132144.55180756433
2388,99366.08763420008
2389,120982.2600821684
2390,141024.14386955902
2391,139747.7077804323
2392,112710.89368361596
2393,163382.08825642886
2394,144997.36932150106
2395,208644.02566770426
2396,144480.4655984109
2397,226088.73260787677
2398,133032.9279915349
2399,66197.41094885682
2400,63573.827586965774
2401,115158.35839791363
2402,136735.13058270412
2403,145613.67744917958
2404,146610.81269137745
2405,161463.31601804265
2406,137929.23476670348
2407,122692.2814113277
2408,146062.1612768031
2409,122937.48588135958
2410,173648.7910498985
2411,113704.56830806588
2412,153854.67000825435
2413,132562.03491934232
2414,151083.30625433073
2415,136873.61156127093
2416,128082.60825039247
2417,131070.01595851751
2418,127257.01480470078
2419,126382.42273732509
2420,119070.83375207058
2421,141655.35388362728
2422,107196.26008293833
2423,118952.48376021885
2424,172140.3136097313
2425,204145.7643017925
2426,126182.75921108949
2427,127837.5120305469
2428,183648.61101214407
2429,114985.75951135365
2430,132802.5534977486
2431,106191.30428563237
2432,145583.03248293378
2433,145001.60585332144
2434,140086.39918286947
2435,155170.30257867996
2436,98631.59732389057
2437,104806.94197715075
2438,117544.46763555202
2439,103940.3794800189
2440,123645.51866086676
2441,99263.46029900682
2442,96254.40786227773
2443,114402.30370495324
2444,129560.39430115596
2445,89959.27653557097
2446,126154.76726499178
2447,178834.4688330584
2448,135708.26648198086
2449,109084.70254009866
2450,150433.74287928865
2451,123484.09149127557
2452,185465.8155837573
2453,89195.96858181799
2454,118274.68551311034
2455,117626.22279429852
2456,145458.33801764387
2457,133267.57769229254
2458,131382.99538398554
2459,107347.43945052843
2460,146169.26099272934
2461,125372.05923036583
2462,136262.2866919452
2463,125787.87828433786
2464,165956.8731052365
2465,140572.06273966166
2466,116894.11803247305
2467,132224.65298862182
2468,81274.00893697602
2469,79442.60099500389
2470,180588.55837491152
2471,202380.43293871675
2472,159840.12490962457
2473,112440.0734061069
2474,100174.90536569068
2475,210573.86115270085
2476,111626.39164247419
2477,127822.77513608025
2478,160053.72564523268
2479,104113.42342488992
2480,151935.12455421383
2481,118753.81014330316
2482,127350.13908691877
2483,110009.95653971472
2484,120001.05455859151
2485,120846.62312039032
2486,160601.60727608416
2487,161543.3512874163
2488,158964.66763637902
2489,157011.35818791392
2490,141203.55281141197
2491,86870.0405646685
2492,199864.1376931261
2493,153595.47758139778
2494,150864.1890319188
2495,89717.91878795346
2496,243885.78705399574
2497,157150.03682440726
2498,104843.11366482214
2499,85683.9557670291
2500,123167.11178219192
2501,141510.57355878898
2502,146840.37600201293
2503,99556.23580117631
2504,173315.38207504718
2505,221097.28644666207
2506,260569.57682816093
2507,299640.53300476016
2508,262908.51739951863
2509,223361.29767632738
2510,224690.61249361606
2511,175004.7909839198
2512,211726.34433559573
2513,226631.88745440048
2514,265482.6211811366
2515,153521.9589019232
2516,175950.22951054672
2517,147819.45170754316
2518,156615.1311870519
2519,240782.59024514703
2520,219328.16184294174
2521,188971.36663550112
2522,221936.36223561718
2523,118861.49180020648
2524,135762.27589106758
2525,147854.3072161821
2526,142854.13968679335
2527,117960.51661836893
2528,123480.2926816833
2529,126807.11081566646
2530,115750.01191800935
2531,254991.0590525617
2532,226807.53300102678
2533,192247.31190605095
2534,243699.2913106219
2535,293117.96244248294
2536,232717.035577989
2537,248365.84542681294
2538,188792.69125953986
2539,188334.3887852659
2540,183782.30032885642
2541,181308.53558209294
2542,159852.8583895079
2543,131391.95251996125
2544,123423.49757905344
2545,139386.44777019016
2546,134561.7378658741
2547,140603.8407212621
2548,159121.16722311467
2549,161970.43294370978
2550,754159.9718201549
2551,149806.99488575358
2552,130621.54072099748
2553,71261.11711806028
2554,98968.66121261459
2555,116129.81346755991
2556,95923.79523375438
2557,101527.4590625253
2558,133703.7924573744
2559,148469.36804878493
2560,151135.27647614194
2561,141833.4528394631
2562,131340.84345323133
2563,146625.71879000016
2564,194374.5670392916
2565,135581.45762267525
2566,161233.48557648668
2567,143769.50854022184
2568,205646.17337146465
2569,225029.91574432523
2570,116316.28951198353
2571,198940.8047597225
2572,165966.1238901709
2573,238746.27584209072
2574,342833.9294323443
2575,123161.96430491055
2576,112971.95624226132
2577,128940.10789217139
2578,82018.71556087579
2579,56301.22415871195
2580,108064.2977711407
2581,117522.74451561997
2582,117151.68468227143
2583,314043.10132959724
2584,178079.65085212406
2585,184971.36069349851
2586,227431.9792567534
2587,203515.95961586866
2588,147740.99203850268
2589,145682.85061867684
2590,199525.18803940056
2591,216378.64951893163
2592,218710.36440391353
2593,250172.22529321592
2594,182795.92989808897
2595,202565.7141730078
2596,283247.7475471963
2597,181364.64319231757
2598,280574.1278934126
2599,353827.906161544
2600,154128.7025401983
2601,144698.7521470174
2602,85212.27938693664
2603,93906.65267416585
2604,90712.09261544698
2605,78923.38605122842
2606,142339.29690345871
2607,194587.9570805622
2608,191409.3144846081
2609,164523.51505472464
2610,108461.87562764452
2611,124823.20825116412
2612,162258.31019210222
2613,123976.91396262062
2614,121119.15379723287
2615,155927.53134933623
2616,145369.02715669604
2617,191092.6408214792
2618,215189.69858134745
2619,201745.97372264095
2620,182067.58234721192
2621,176252.836029037
2622,182499.16820534877
2623,241348.2216019873
2624,311085.2248136148
2625,303736.61196965125
2626,173529.6397358513
2627,173014.62398851136
2628,457481.2810143663
2629,496120.61796582036
2630,397400.5308434369
2631,472166.79030122503
2632,391006.45424272603
2633,317465.26796942216
2634,408045.5782206107
2635,159273.43023885225
2636,174418.4951544206
2637,179011.87909948023
2638,265946.4255445851
2639,181870.3578785175
2640,146163.8917393217
2641,101567.06901281847
2642,191800.07873199155
2643,107126.18387669872
2644,124134.65864483679
2645,108638.06468562354
2646,96465.0742352516
2647,105931.15118627869
2648,139182.41013525627
2649,149657.5540979525
2650,130151.00785417829
2651,137402.9794688101
2652,405754.3261335753
2653,258203.842866366
2654,269454.5698730236
2655,376493.0308141481
2656,319728.457130907
2657,337344.9375232171
2658,296483.226876172
2659,316349.4472258127
2660,355364.88093382254
2661,363203.3211022121
2662,342882.46920344845
2663,295405.5399232327
2664,265477.2689059214
2665,320923.47217534133
2666,294343.0724909727
2667,174783.3268158327
2668,185428.17381408962
2669,187963.84910421065
2670,279488.51206246775
2671,190692.9634787676
2672,197663.03574502052
2673,194376.20357345213
2674,197390.91415532277
2675,178743.91607558038
2676,192150.85305076864
2677,198741.35773004868
2678,252193.2250526921
2679,269592.44946991676
2680,285099.1836676412
2681,354559.39386822126
2682,303339.5126967837
2683,451789.47146036854
2684,307410.29342892783
2685,313034.48650260334
2686,260912.01866807282
2687,299202.3420872013
2688,220002.8375930935
2689,219299.98487208076
2690,385490.6054034497
2691,187777.30937618625
2692,149977.08057486443
2693,209141.45768960475
2694,142104.003693826
2695,190049.2632841538
2696,182125.6611153989
2697,186235.51049063628
2698,188274.57676068772
2699,178170.28983874078
2700,160767.247530626
2701,141851.14569344698
2702,105408.5175154109
2703,125754.78254245078
2704,145243.029025965
2705,117207.63807829336
2706,101677.12443839294
2707,112649.17151668164
2708,132687.39309546878
2709,103324.24427643252
2710,123554.97498905292
2711,277090.4273753315
2712,350805.4052520362
2713,168785.30584952477
2714,145289.6914948893
2715,164237.3354409615
2716,141926.0517427198
2717,194420.58161055075
2718,219632.266716254
2719,150078.50100973656
2720,175651.5738456981
2721,129477.91713693453
2722,163823.09248386588
2723,151212.29692121648
2724,126115.34219977134
2725,126225.5745434713
2726,149302.34415690962
2727,186626.83928593437
2728,178331.7633480931
2729,145228.62864670213
2730,146179.97201996547
2731,118214.03815326242
2732,128886.42126550975
2733,159209.95605139062
2734,145857.1349650337
2735,132573.88208496373
2736,138261.48491965205
2737,117854.78780832345
2738,138404.17759592595
2739,158764.2165050334
2740,132894.27034705455
2741,149990.3686633851
2742,155481.30957390185
2743,152466.947994918
2744,158200.417075978
2745,144257.56432814736
2746,136555.41336453718
2747,137680.28018126445
2748,117525.03893007194
2749,128422.56931841276
2750,128939.64024106016
2751,132549.62141579168
2752,208592.23774245067
2753,156230.20843903735
2754,200399.58466520824
2755,135239.02378474714
2756,88991.42184937933
2757,70241.98067387042
2758,82242.26612461984
2759,141899.7898665745
2760,122936.21053095916
2761,141616.96168538556
2762,147200.02446088646
2763,185678.44745456224
2764,152887.67931869184
2765,270214.91704722325
2766,133264.1396312899
2767,85458.9027040082
2768,131448.3522411739
2769,131350.0531072405
2770,142801.8606859457
2771,107409.33684065411
2772,113756.01055026437
2773,158549.3432082114
2774,143735.60873388877
2775,117171.24838986773
2776,139928.74961763807
2777,149062.68238737225
2778,97498.36432626951
2779,114824.90441027305
2780,102931.22308207209
2781,92039.60971074221
2782,90407.19951004111
2783,95115.90376554371
2784,120729.02094514812
2785,128055.99307506971
2786,65151.80423624548
2787,131727.81644137093
2788,73788.15698826706
2789,170019.9721468567
2790,89376.26102142534
2791,111315.97159740525
2792,62615.56416917748
2793,156280.41908379146
2794,96805.28155880273
2795,123226.76126248483
2796,98953.12782798144
2797,207177.2141353318
2798,105717.5036515742
2799,108184.37732714336
2800,68363.18792418652
2801,98068.44953817262
2802,130867.19913406375
2803,171783.53124753252
2804,130517.15018873513
2805,92677.99956638941
2806,80601.94024447472
2807,162508.17466948132
2808,143541.03685033604
2809,131112.16542008636
2810,127544.50804481929
2811,158235.5556051449
2812,169086.15542692516
2813,156607.67514962135
2814,160278.384400469
2815,99839.38882180347
2816,226854.22706100237
2817,143930.46269826
2818,128545.5549126194
2819,166854.9294927067
2820,134777.00153494207
2821,103169.04807337336
2822,188502.5296039855
2823,315524.38369347906
2824,175531.97766912976
2825,146182.99244999315
2826,133954.87128064965
2827,146831.7055088956
2828,216292.17306441563
2829,202536.2179926283
2830,242106.12783290827
2831,185126.31932741724
2832,251246.6879321834
2833,296650.9010963118
2834,232374.742382368
2835,231306.3681562273
2836,190664.55771133045
2837,173331.74524965291
2838,150264.58573835462
2839,172725.9897826767
2840,206719.87773565933
2841,205303.75737990934
2842,231010.6771602818
2843,150745.41894610247
2844,171114.04902913544
2845,118681.68443420123
2846,210387.7194726747
2847,206104.28883975072
2848,232049.72932809507
2849,200704.18568396606
2850,271651.82709460397
2851,217923.6644766273
2852,233384.85450150253
2853,234237.76335694076
2854,138723.93836467213
2855,202546.30219642917
2856,207800.3713954718
2857,188888.41997061347
2858,212676.3372296848
2859,117830.29851454464
2860,136575.5866704397
2861,136646.119369722
2862,195891.03495956707
2863,136869.2740165453
2864,234972.5462270442
2865,156346.49582797228
2866,147762.16656095049
2867,99018.47284444954
2868,102771.26897343727
2869,99672.295604249
2870,133740.493531562
2871,89519.36062068562
2872,47136.80116011369
2873,101346.45982865841
2874,142642.9359978734
2875,122175.99017645961
2876,156296.42548073846
2877,132517.22667732474
2878,166128.17953276023
2879,138728.20911715063
2880,104925.46758607903
2881,150998.19234250556
2882,174768.1952768413
2883,196660.25274193255
2884,201061.26816313458
2885,180480.72135228507
2886,226842.03256342225
2887,93942.66971682257
2888,129317.17324470304
2889,57047.5014234484
2890,72587.9988879825
2891,131274.07862978868
2892,52015.85244980614
2893,87691.92798757117
2894,60977.330694274024
2895,337203.152514246
2896,292620.2846664638
2897,216929.23627200464
2898,154791.22372936062
2899,206870.498250594
2900,156160.63334733277
2901,210982.43121212593
2902,165165.926392818
2903,319360.0637448715
2904,332893.2532567579
2905,82303.83708777788
2906,197351.70865873253
2907,112655.6067528403
2908,125582.9876642413
2909,158893.05105591487
2910,76689.94495900958
2911,86166.94717288703
2912,147856.10645084112
2913,89134.62293228206
2914,81379.23346656217
2915,88578.52154142133
2916,91473.78461033886
2917,170951.2419175264
2918,122742.36165359615
2919,223732.94525801003
