ID,SalePrice
1461,122046.18406651012
1462,158313.13275175123
1463,186656.51166871696
1464,197663.28476396785
1465,205724.86514024186
1466,174405.28216188037
1467,181069.1155933463
1468,162897.54114885436
1469,208740.90218214842
1470,115435.77467733351
1471,194240.96274896324
1472,99212.44168506659
1473,97670.80605289477
1474,144077.0607481135
1475,111723.40091981654
1476,350235.3445423163
1477,261289.21426167653
1478,286988.7701989806
1479,283766.0272911791
1480,455514.84737375996
1481,338705.51045146136
1482,225641.16823748485
1483,178683.41944685898
1484,164549.39850712323
1485,186159.15169041668
1486,196470.00382085738
1487,327157.294386062
1488,236246.30311631248
1489,196633.36614535874
1490,217920.57588028148
1491,194652.62497213215
1492,95013.42550385898
1493,203071.03345447502
1494,291163.07234305283
1495,287282.29129976936
1496,225780.82767303495
1497,180262.2083544912
1498,162289.02052103882
1499,158797.6362626108
1500,151751.55038005553
1501,166833.5726360631
1502,145833.93483766465
1503,276931.27224651014
1504,239852.26714939385
1505,220877.92177970396
1506,198187.7706431008
1507,244781.63531494205
1508,205096.0891332705
1509,159962.7384949977
1510,144933.1080005577
1511,146224.2400977518
1512,171520.7368052226
1513,134981.67636665297
1514,154365.13007622506
1515,189002.42197381132
1516,155258.7781694074
1517,175726.77957761535
1518,137180.5102695699
1519,212610.31323891407
1520,127553.59967981749
1521,134129.87788613673
1522,176724.13116069915
1523,109797.05248090246
1524,125386.7501045546
1525,118625.48719314166
1526,118623.76933436368
1527,104568.6057897087
1528,138795.61966595743
1529,149751.8271786416
1530,190472.71456224873
1531,108722.41017816847
1532,94958.3223831618
1533,146695.01739248823
1534,131401.9482445496
1535,154175.23988272436
1536,114066.68076220423
1537,71341.57690399353
1538,157438.78262650513
1539,204868.8711179708
1540,93903.1706006845
1541,153827.3862117875
1542,142116.6686427656
1543,194395.43079130774
1544,86954.37671841586
1545,118849.97903012371
1546,137249.98002285324
1547,127998.32723126304
1548,141317.20940368107
1549,122402.06593448504
1550,138658.1845445034
1551,112315.21602218156
1552,134277.94136971128
1553,140244.59578447885
1554,115145.37298382785
1555,162372.48061611972
1556,81569.4458251403
1557,110821.8506231292
1558,104544.29900998835
1559,106235.73073557673
1560,137268.11146012924
1561,118199.6872525728
1562,132540.1875098384
1563,118961.19393745216
1564,161979.3200244682
1565,146737.66160033847
1566,251320.17574832
1567,79485.66132856367
1568,230814.05255422907
1569,137489.5358106745
1570,142953.58667143606
1571,125487.16930400686
1572,150039.2315700011
1573,239458.5958878159
1574,122955.2544144356
1575,227388.95470579056
1576,244348.27298667587
1577,183912.09856945564
1578,143043.2962852221
1579,144321.2064511485
1580,198377.1607531752
1581,154262.1190451438
1582,121589.57187695088
1583,288674.55737629515
1584,216916.61614270293
1585,136725.66587423036
1586,63713.470735473624
1587,102352.08739997425
1588,157228.69195191073
1589,105043.34052316847
1590,139489.02815393824
1591,93630.14815557686
1592,125449.73899996077
1593,116859.77604885855
1594,131371.43283284237
1595,109157.45257807702
1596,234503.84510555564
1597,202000.7339354097
1598,232861.77944604735
1599,180456.70060649075
1600,171465.22654007602
1601,58597.329067139704
1602,118381.70042361705
1603,72334.19064155138
1604,279519.89311802346
1605,237744.97650691206
1606,164434.58457180532
1607,180700.89132359112
1608,217054.99587802333
1609,185957.45006793985
1610,148663.18931475774
1611,140127.1349560307
1612,167328.16796915626
1613,163639.89610758403
1614,126421.17006581622
1615,92844.35703122783
1616,80807.12673354664
1617,94498.64600765615
1618,120603.60566339409
1619,129681.4885721594
1620,167592.08025151643
1621,140039.8096321134
1622,138230.09107972233
1623,257260.6834678811
1624,213939.42398553144
1625,122148.02690095418
1626,175916.65334838376
1627,190870.99289360928
1628,290344.9731457921
1629,184871.2253097594
1630,344806.8022076836
1631,242946.76500082022
1632,256800.45452891872
1633,173362.72563311382
1634,189150.80574289354
1635,177219.14808550637
1636,152774.04642021202
1637,198120.72679260958
1638,189316.5926494183
1639,190144.6052787979
1640,247942.74588113712
1641,183572.20232323522
1642,232091.1713304636
1643,217035.0963580478
1644,233939.377560235
1645,190461.40492156224
1646,159251.93707380546
1647,165229.7989316114
1648,130290.92535931776
1649,139822.4764748511
1650,112206.70542004108
1651,124914.87208287907
1652,100588.51637203382
1653,102736.20216500056
1654,145240.03623318663
1655,134347.7382437301
1656,140725.96757885203
1657,146144.6432291153
1658,145619.346454194
1659,117757.38153059795
1660,156468.8345891991
1661,400942.46504025004
1662,385962.79571285076
1663,356754.06665782793
1664,486102.70400440803
1665,291420.81964348914
1666,336859.1336495234
1667,342301.7259320535
1668,327839.46151832276
1669,292594.6328637353
1670,326916.19876793085
1671,257476.3609119055
1672,382022.13885055966
1673,292518.88271016843
1674,248387.5934999308
1675,201605.80173243934
1676,202330.14017943884
1677,225954.96842503495
1678,454737.99221383757
1679,369460.1667347701
1680,329153.41232621484
1681,239425.09355950807
1682,313874.00314320164
1683,190811.53798853146
1684,171354.9881846457
1685,172352.2040470106
1686,171471.8379370606
1687,169705.15008217434
1688,191647.99480380557
1689,193763.15072306903
1690,194689.55418407026
1691,185583.94015638568
1692,258606.14601568214
1693,168975.71932464285
1694,183161.81104266335
1695,162152.84307210194
1696,268257.4872751839
1697,167176.49635182915
1698,336807.90731483046
1699,301858.10597609077
1700,249765.0657409879
1701,276326.1622601854
1702,245295.01255098032
1703,235593.46099204963
1704,272467.9122190058
1705,238068.41264194777
1706,387110.4850007932
1707,210154.53089277496
1708,197276.2616571863
1709,264740.20190929604
1710,221953.08633956508
1711,262279.9404982406
1712,253055.0919790414
1713,252332.3633308591
1714,222209.56862379133
1715,207875.2299312654
1716,180162.8370015228
1717,174065.25346333627
1718,136784.9182616121
1719,215195.9970682481
1720,247745.7755063367
1721,159069.48056025276
1722,122054.33316111934
1723,151001.86124893225
1724,207774.26612718025
1725,237143.68068686815
1726,185790.0863096225
1727,162630.88392687062
1728,170897.33621665023
1729,169088.3034372093
1730,162674.08433676517
1731,122446.44136517074
1732,124318.24751255741
1733,112034.93928910435
1734,113503.9309400609
1735,117125.46772568555
1736,109111.70811218407
1737,264599.6227596466
1738,239571.69059252337
1739,227198.23744432157
1740,216146.43353916696
1741,186238.9672188451
1742,166968.36161410905
1743,177154.62292444173
1744,293549.9568206279
1745,222961.71102538815
1746,193190.19632188705
1747,219676.9119219422
1748,213578.66550442798
1749,149329.76426943025
1750,134584.88618062896
1751,252525.0204477578
1752,115182.64668996344
1753,152775.36047422574
1754,199116.9417181573
1755,174103.59003981447
1756,118429.29120232804
1757,117592.22221064632
1758,138946.83099829155
1759,165442.73259077212
1760,166329.52323005025
1761,153961.4769963691
1762,175177.75135314115
1763,191847.74408780833
1764,116452.46558469374
1765,155424.35057537362
1766,184276.643869385
1767,211248.31130167912
1768,136471.96311909193
1769,174970.31803615813
1770,143761.39512381633
1771,131295.9822681737
1772,137838.56971832097
1773,114314.10518416547
1774,152561.15986909726
1775,141343.08853967956
1776,121387.30821934869
1777,103547.53882318405
1778,133776.87184984385
1779,115985.67430097786
1780,179971.85422689264
1781,130063.48330600468
1782,85195.69640707226
1783,146354.98968353376
1784,100761.66811150336
1785,117019.80737290876
1786,138699.92960325687
1787,163154.7702116727
1788,56859.21700551956
1789,97894.11096921946
1790,79964.41084746757
1791,190504.4202498419
1792,167237.3472692493
1793,133830.60016442408
1794,152827.68417722953
1795,138919.81251635653
1796,124457.91414194542
1797,125207.96519507481
1798,125418.19164794536
1799,102612.94474600322
1800,128762.84169044638
1801,130268.83623769475
1802,148143.65545567457
1803,149454.7694589016
1804,141287.9701392851
1805,136392.5083770449
1806,124641.55972980704
1807,139761.55061338205
1808,116500.14014370996
1809,114435.850221324
1810,133480.16694851752
1811,95474.33471866524
1812,103969.44435922636
1813,125646.17683827631
1814,89651.91957579681
1815,53588.095611329314
1816,92399.49184125612
1817,113155.32075829507
1818,150190.35273196522
1819,126088.33677112506
1820,61170.13312376992
1821,108897.5444363143
1822,150616.65402709958
1823,49251.17808744701
1824,130699.66646954339
1825,134085.0480217868
1826,107222.53662257912
1827,109184.38799092933
1828,136542.90953329753
1829,132854.5833502409
1830,147241.29493605543
1831,148995.18600474836
1832,88943.32190593205
1833,135798.65939103742
1834,123248.32545776755
1835,134768.6690538112
1836,124263.80007959888
1837,80114.20501664291
1838,129631.12428776844
1839,96236.35230508962
1840,146406.32886962758
1841,142150.93119107257
1842,87113.29696024374
1843,139071.01393391602
1844,142514.13744623453
1845,141309.48599918076
1846,154738.49730032813
1847,163928.47156906594
1848,51632.250856942046
1849,107756.78100683962
1850,121464.07657755558
1851,155601.58230292646
1852,126519.21177147907
1853,129488.89874954715
1854,169527.48653649888
1855,147918.72388919792
1856,219163.63531851157
1857,147989.37509713625
1858,145189.06173968024
1859,118595.39608729286
1860,140543.9519437658
1861,117749.85198832853
1862,306214.69570126326
1863,287617.0433122533
1864,287719.8017189083
1865,352589.43921962293
1866,320197.179964293
1867,225426.00419078334
1868,279048.95794058754
1869,202497.70090604984
1870,223112.97808297945
1871,264554.6712584148
1872,172952.77933222387
1873,244277.8926737922
1874,151580.1685603157
1875,210618.46208836077
1876,201922.9562640215
1877,210138.77283327567
1878,194076.36622631035
1879,132298.11094497368
1880,127730.14284967838
1881,252027.22039758082
1882,246712.04218598283
1883,187544.41736591913
1884,204315.54532149588
1885,247883.64110755536
1886,287813.76620158524
1887,210495.36872544244
1888,257818.50936155397
1889,169184.06855350174
1890,128258.17953509955
1891,137228.8428191327
1892,99103.69607047271
1893,133697.71261646287
1894,128480.44319071351
1895,141463.76077441272
1896,125734.64530813477
1897,114267.39601841876
1898,115341.62055431685
1899,150868.44493012692
1900,151894.5036196891
1901,165297.5572509861
1902,160148.61786751688
1903,213404.3067018313
1904,144100.12238487735
1905,210215.21489155083
1906,149822.2069529486
1907,223938.8965762834
1908,106927.01522056361
1909,132342.53454951776
1910,119357.01607501862
1911,230995.92639771462
1912,342216.2728607892
1913,143118.33537409396
1914,67881.50632952931
1915,309164.1066603668
1916,52465.646266536256
1917,242577.89522106567
1918,137216.24639957462
1919,177016.42441456285
1920,166028.31325176527
1921,352696.80846917676
1922,307235.95330579893
1923,226117.74950397806
1924,240806.42299275118
1925,198822.2496030534
1926,356239.5478959416
1927,130493.48501444055
1928,158721.23244632938
1929,115205.96505052212
1930,127181.10230841617
1931,138219.6634750211
1932,137343.19223903693
1933,182538.524808993
1934,183409.80152465028
1935,173028.52290501894
1936,204164.8137268475
1937,190813.5467100603
1938,173538.91660628753
1939,255626.2029538817
1940,200177.72828257355
1941,161789.00558005384
1942,186901.42707324604
1943,233527.78180837343
1944,365489.97211980564
1945,380133.2318599381
1946,150480.05533516672
1947,316639.2620703072
1948,168403.16949746336
1949,231237.64477823736
1950,191495.85446157394
1951,249083.585583111
1952,208063.407027659
1953,163936.76230278623
1954,189931.4222891323
1955,134580.76539681834
1956,295389.1572299465
1957,157694.90974688114
1958,280474.9652471139
1959,147310.44817702385
1960,115023.53059832202
1961,117190.62048573735
1962,100353.17411251919
1963,107639.81733018962
1964,108352.5405341
1965,144291.9256452877
1966,139939.19720280395
1967,304110.208244336
1968,394343.275801066
1969,363067.6649900979
1970,412613.094281808
1971,461280.1828916771
1972,366593.19949418434
1973,277557.54914204875
1974,321501.516595492
1975,523750.109543325
1976,270501.7219173964
1977,339281.05072579824
1978,351313.52392182336
1979,334185.22730723204
1980,213953.2027042443
1981,337482.16270595446
1982,225434.7070334448
1983,213619.26281025307
1984,177494.91516454544
1985,225686.1817373527
1986,206761.51954445077
1987,190988.07036278484
1988,169664.7566199376
1989,193181.23863364774
1990,206213.52922778114
1991,242819.94525980664
1992,216770.98320530728
1993,167304.54675084708
1994,236202.27098930665
1995,187826.99981978332
1996,244982.36455278937
1997,302462.07191013143
1998,305645.86700416927
1999,265857.3614965702
2000,305013.15885753086
2001,263610.50932438206
2002,230236.2140640538
2003,259080.02495825355
2004,292622.29279504746
2005,223233.1270557247
2006,227994.18011403616
2007,242161.19122628678
2008,214930.47777641742
2009,197772.10520765738
2010,194720.1617383425
2011,137784.3692671707
2012,171324.04417848488
2013,177906.29042028514
2014,186067.58845518477
2015,214024.63047914184
2016,191778.68538617878
2017,196878.3905892004
2018,113981.68955818216
2019,126476.49723024166
2020,103921.08207330038
2021,101447.14939035171
2022,187461.4776880215
2023,146175.72688063083
2024,254184.41743993052
2025,356182.33022971626
2026,173299.3035063757
2027,154374.84066753509
2028,153871.07484458515
2029,165466.87467968446
2030,256193.51865846734
2031,228952.61231936532
2032,244370.21235418017
2033,244083.92969641543
2034,166296.4124576989
2035,220811.94115040335
2036,196736.04342120606
2037,198377.66873960543
2038,318062.1163732771
2039,243620.32785353917
2040,246850.34600591855
2041,284239.8981776511
2042,203222.25174240148
2043,178839.15027336823
2044,171587.33442403638
2045,212116.10563036014
2046,144617.00584018618
2047,141872.65003923708
2048,140255.93730844636
2049,150870.63731577247
2050,174277.95226882194
2051,98727.85236413464
2052,123604.0688803404
2053,147528.1193912449
2054,87211.54073417778
2055,152332.07103963225
2056,138401.04711951854
2057,117067.78613150326
2058,212922.82996851564
2059,131576.3579843058
2060,171318.10197694314
2061,173690.30484229047
2062,129103.9568894725
2063,113849.59781388227
2064,136839.2304342771
2065,110759.18519303632
2066,165961.91033534275
2067,107029.32218902312
2068,153275.25370176713
2069,83008.71762599215
2070,108921.71516607833
2071,91473.77219094984
2072,143935.03092589177
2073,131810.07793654286
2074,186725.15116016954
2075,162804.6284583603
2076,118956.16851851711
2077,154957.04712027972
2078,125886.5423228972
2079,138496.4144051601
2080,116335.70689028618
2081,127820.153251575
2082,129075.84042005883
2083,148792.59208908473
2084,104679.61271725319
2085,113955.48689397583
2086,117646.75693032317
2087,128773.83237562665
2088,107158.56756329408
2089,78375.56832075964
2090,130397.7925198264
2091,115759.3837054971
2092,119934.38257442373
2093,120046.3777517441
2094,109262.89781618291
2095,145575.23689661286
2096,79573.92736140364
2097,100657.11236176963
2098,147377.92511928864
2099,52797.340481526386
2100,90479.14675780165
2101,121819.96736934487
2102,129340.69199530598
2103,101060.55752375667
2104,145407.6021339361
2105,124226.883380472
2106,77270.55780578645
2107,200382.93847876714
2108,119440.48072082568
2109,111065.08164403826
2110,133299.81473704454
2111,143443.3023286501
2112,140895.00903844147
2113,123339.51185207377
2114,123755.05946736074
2115,166863.37348451134
2116,117543.5866413272
2117,165055.86872553246
2118,125680.88371390637
2119,117562.15466359467
2120,123088.38565749639
2121,108735.71467379492
2122,115456.35702846208
2123,81149.96356093361
2124,163724.29772669668
2125,136589.8473945763
2126,160188.13425341054
2127,164966.43890621638
2128,120266.29817732939
2129,74941.65013924654
2130,130065.78425351846
2131,141683.1580516407
2132,114919.20017113857
2133,115917.73027573286
2134,110361.98139432985
2135,78916.23043904811
2136,68661.64566718834
2137,111451.47422378529
2138,131231.38616853976
2139,152278.93156411534
2140,141999.66821777847
2141,152473.20881517825
2142,127558.40716951703
2143,144867.61499639158
2144,129803.54909861748
2145,134135.92079920968
2146,165442.7719015309
2147,135041.21168666976
2148,135895.8061753227
2149,144174.74138590787
2150,241862.9736562228
2151,120093.33880912246
2152,182643.49071211572
2153,159939.33447692092
2154,109932.2028404142
2155,141271.0931850895
2156,252143.39968725486
2157,226468.92445326503
2158,237219.57158634244
2159,206230.80470734113
2160,190736.92791031487
2161,238366.54995335077
2162,387164.8802635571
2163,334387.5503998325
2164,259358.6323065671
2165,202225.7528965453
2166,155291.85586555788
2167,224113.5380894854
2168,195352.5491273244
2169,198286.5710649314
2170,222243.36067524517
2171,150889.60582842262
2172,138718.06739649514
2173,164183.15548443727
2174,221265.0431799019
2175,295469.6972260941
2176,306928.3401549688
2177,238495.89707980453
2178,213957.86907844132
2179,136174.9135471057
2180,223549.37892500692
2181,199333.36343565036
2182,228829.88221115823
2183,195833.5092136964
2184,123998.28789118273
2185,119388.51804019397
2186,153318.21955343042
2187,160050.78272187064
2188,162031.67412074632
2189,280104.0620980407
2190,78174.87614515019
2191,81175.43654771092
2192,88478.44734101833
2193,103991.68887025246
2194,101625.18010386871
2195,108132.19409545344
2196,102524.24832537015
2197,118144.51069882607
2198,145811.67111482655
2199,173052.20036063407
2200,154078.627383506
2201,155006.6993476727
2202,214190.18504105767
2203,134891.13548938572
2204,177021.93042460902
2205,126887.94440439288
2206,149433.84225887514
2207,223326.35632584934
2208,263820.22679102846
2209,250463.69065921078
2210,118710.95803257581
2211,107707.86713732088
2212,114851.04707321977
2213,98655.18793709594
2214,123201.10032094434
2215,93987.11266563507
2216,144167.20037743935
2217,65057.98214699052
2218,89361.83859164742
2219,82433.63506552925
2220,76653.62736877617
2221,310923.22363377747
2222,276265.8892233128
2223,271263.4041673084
2224,205962.08587675236
2225,129608.49498266916
2226,174395.93849918956
2227,193463.84014852415
2228,270633.63760198955
2229,261355.78647686288
2230,147691.12314798025
2231,216220.2278235795
2232,175609.71937302765
2233,181282.39628088556
2234,236280.219532638
2235,212333.91487268856
2236,256245.78094697808
2237,298015.83375982393
2238,192350.47521879716
2239,113560.14844848191
2240,155015.06215350074
2241,147708.99193543676
2242,126667.2354307121
2243,129915.68214563602
2244,108176.03479889943
2245,102703.52139945369
2246,140063.09526964911
2247,114481.31912592375
2248,117652.56168498658
2249,115664.12996181508
2250,122404.29440255887
2251,124954.22746428163
2252,181700.5936140198
2253,150860.87733649623
2254,181373.98876760347
2255,189377.3509509866
2256,176840.30971136285
2257,208588.81053935704
2258,160581.8557292938
2259,176427.43649701314
2260,136472.59272986953
2261,213218.28787510123
2262,228390.0962468857
2263,365300.3167369231
2264,508114.89506798756
2265,182614.26057681016
2266,310813.74553980684
2267,362856.6493863062
2268,444163.1870053528
2269,158438.1397528277
2270,194646.13425822885
2271,216923.83587754576
2272,193519.21301938943
2273,161129.57484618088
2274,180965.5412255449
2275,168697.4134691451
2276,199158.48212697965
2277,179308.13495836142
2278,145470.50660219413
2279,124287.7999878711
2280,120193.2758832668
2281,165930.15022984223
2282,190661.0914481702
2283,110813.41306626247
2284,112693.59715256668
2285,142325.1206633444
2286,123316.43249709762
2287,374687.60749528906
2288,286374.938312852
2289,385004.71722441504
2290,457943.24676691677
2291,323040.1435828976
2292,425318.6359687131
2293,468470.32078358065
2294,389154.9283871996
2295,486441.46791607083
2296,295689.91514571133
2297,354002.90202230687
2298,334283.44625647995
2299,338653.5789139118
2300,327357.1314753202
2301,313452.9407564417
2302,254913.9630025895
2303,253469.61327896218
2304,269409.1131504886
2305,208513.37443129026
2306,195080.96483672192
2307,203854.57164566734
2308,230251.2299729491
2309,275934.2371918473
2310,228191.50382944837
2311,208132.38283438838
2312,180190.59714454506
2313,169289.1863943734
2314,186794.69658797537
2315,182431.2273522692
2316,196798.4764712126
2317,192504.63244346395
2318,186230.59629921656
2319,189061.5641404847
2320,187709.80569298135
2321,240215.828910002
2322,182136.4688447851
2323,197935.98069640968
2324,166040.31259272338
2325,223879.344164828
2326,170463.0143062892
2327,200502.2246531836
2328,222085.58459988344
2329,195305.70454655605
2330,181698.4569300613
2331,339129.4350152968
2332,387847.26423875865
2333,311591.5632652687
2334,249407.81919731392
2335,273624.41461597633
2336,301350.0544593587
2337,202608.21848135305
2338,266390.7234982479
2339,209605.52155900156
2340,387628.8103030103
2341,219460.84149346748
2342,234331.21411049398
2343,224115.488378424
2344,196543.8570785757
2345,236879.92728594338
2346,221751.60013477062
2347,200177.72815114574
2348,252733.09402842954
2349,178278.91158258336
2350,306314.2961162597
2351,249800.8425840869
2352,244817.43745244946
2353,230878.25408286715
2354,144189.5728756867
2355,142391.97198781968
2356,145701.75139646916
2357,186931.49321981773
2358,194957.32205190533
2359,136584.9228596175
2360,115300.27894883286
2361,145002.6515161784
2362,264236.835686169
2363,141109.52418184324
2364,156749.49170445255
2365,217409.58536099168
2366,199833.6623242894
2367,232436.5015846378
2368,208800.5512795632
2369,226940.33516850075
2370,163064.45139989618
2371,159837.49490091184
2372,187390.45858890188
2373,266914.4402011057
2374,311807.94424056495
2375,255570.01895407322
2376,268192.76827203156
2377,335766.1218267902
2378,138473.77667759702
2379,196576.0322286604
2380,146112.36741756188
2381,171081.04297317937
2382,198377.21438538103
2383,200246.85946162452
2384,236007.5795489767
2385,160837.59927562776
2386,132948.4894264762
2387,133610.31969306254
2388,103180.542410507
2389,117742.06214297605
2390,140593.17411095425
2391,144611.17046098443
2392,112616.9361170758
2393,165564.3349244544
2394,150974.4912433748
2395,208535.33870945816
2396,144129.64884293734
2397,219244.04509973765
2398,132434.78822804405
2399,65395.24244653494
2400,65986.25167892041
2401,109537.446134857
2402,136875.68110349236
2403,147615.55271011815
2404,152508.89930654425
2405,157912.55339951065
2406,136598.96936270522
2407,126135.68715322917
2408,145512.37473207043
2409,122803.37132381983
2410,170294.28066444065
2411,113483.16711435321
2412,153999.23874755227
2413,131317.98680075596
2414,150297.21834499526
2415,138302.7618764565
2416,125571.1797558105
2417,129424.34927957591
2418,124254.89923430447
2419,130670.68623647923
2420,119539.77209127208
2421,149601.639905631
2422,110849.73039341203
2423,122049.15643633361
2424,167614.04053599408
2425,196587.9644162147
2426,131255.54176386414
2427,128920.86610138367
2428,179545.94901154624
2429,113831.96114802851
2430,131151.2778509035
2431,103630.81425922299
2432,150737.6276563312
2433,144338.81107236826
2434,133914.04586771227
2435,155182.64270808615
2436,101507.92394203901
2437,104095.94498757969
2438,119341.76560356226
2439,105476.27079584455
2440,125818.18437506937
2441,99741.39677268716
2442,96486.68252544654
2443,113087.18835217471
2444,126768.77710698447
2445,93729.02400131128
2446,129496.62790200948
2447,188198.1018091028
2448,138348.5657248869
2449,114298.33279894672
2450,149684.72323573052
2451,123236.80718706183
2452,183973.6360440864
2453,89561.46054165275
2454,118367.72118134772
2455,120465.91790374841
2456,139416.46401634195
2457,134620.8737168893
2458,133517.00830460252
2459,109395.77991376919
2460,147637.69270284218
2461,125043.60365061206
2462,138213.61424285485
2463,126231.15504350248
2464,172404.08810693692
2465,144172.53889474267
2466,112171.20964302696
2467,137273.67410115484
2468,88530.86698813521
2469,80465.04814195483
2470,185311.9394683264
2471,198760.94190770696
2472,158056.8099979411
2473,112516.54363722689
2474,99918.99674548436
2475,208562.43016027057
2476,116548.97580050446
2477,126194.92108775707
2478,158679.4043532914
2479,99718.51772435033
2480,155300.46824152535
2481,123507.15977639661
2482,128268.46209149851
2483,111930.14879877512
2484,121713.19352081303
2485,121371.53578121409
2486,159074.2919319518
2487,171661.17172288088
2488,153668.6735373258
2489,151965.8908061372
2490,142998.8782752072
2491,88582.98479116784
2492,187248.09193872017
2493,151179.47741335895
2494,146397.92481246445
2495,89293.2688155127
2496,227133.95832447385
2497,156760.31928309094
2498,104690.57910672847
2499,84496.96946001079
2500,123812.42106638673
2501,142500.65164257173
2502,148604.37749053744
2503,104899.07805291253
2504,175140.31009696942
2505,215660.41122705382
2506,259462.82581570512
2507,296097.2278545633
2508,260117.29642591407
2509,222155.7452720881
2510,222344.2705398013
2511,172344.05000361675
2512,214066.47056962055
2513,221480.35738517414
2514,255368.87985751702
2515,152259.97813094064
2516,177205.99436160616
2517,147107.27596448513
2518,154790.98438040342
2519,248088.75681305048
2520,222487.87784880964
2521,186468.75916842744
2522,221273.30806708286
2523,111033.01978617566
2524,137091.8323968934
2525,150454.3199555599
2526,143108.19998963192
2527,123482.01069164535
2528,121745.84003272901
2529,130064.70566597031
2530,112541.95315809369
2531,254675.56464802782
2532,224743.86250321253
2533,191814.73154273175
2534,243170.39293986512
2535,290878.19623190234
2536,229421.17522902446
2537,250607.72233250982
2538,187727.85488905862
2539,190614.59217102596
2540,182676.35096173498
2541,178875.75109372585
2542,160177.19703032024
2543,131817.7468833683
2544,121270.62713003143
2545,139538.98006533345
2546,133358.68585315268
2547,146379.8087901745
2548,166292.32320917488
2549,161445.1867911535
2550,752070.2371669265
2551,149046.41459019313
2552,134104.9268018057
2553,71520.6472436591
2554,100848.07652511004
2555,116588.69249583497
2556,96538.79645795606
2557,96671.34053754245
2558,134118.82597029308
2559,145424.6118226735
2560,156912.06745485804
2561,145247.19199652286
2562,139099.1623376215
2563,147418.98126007296
2564,198059.34136379932
2565,136508.13707250473
2566,163219.19319956395
2567,144638.75540083172
2568,211112.9335790202
2569,229711.02116856995
2570,117193.75461194984
2571,199805.6892221869
2572,165952.95322630956
2573,243553.10677298222
2574,320069.6278604664
2575,126482.17764917805
2576,113150.09495075881
2577,128593.00678748032
2578,79874.2288072978
2579,57186.123559226486
2580,111233.2232865693
2581,119496.50414761821
2582,112859.87044327971
2583,305809.3132850999
2584,175550.47284786377
2585,181818.14975964383
2586,215386.60433975625
2587,200410.00941648087
2588,146426.72586675626
2589,143515.99757818953
2590,202895.64923461
2591,206693.8058274731
2592,216447.1122025658
2593,250722.99977761306
2594,186150.12142955532
2595,200657.25561086996
2596,278412.0242195022
2597,182231.76038925498
2598,288126.43228929734
2599,354994.40717669675
2600,154737.35078504347
2601,137203.86782473972
2602,86684.35454465712
2603,94410.41718115615
2604,88571.10589039105
2605,77585.28863807138
2606,140768.87543212977
2607,200710.33862037314
2608,184948.19908470343
2609,162324.3346665945
2610,104320.59176357098
2611,128845.76133347549
2612,155761.62388121133
2613,122775.15515399497
2614,118691.11508716263
2615,156630.28893771087
2616,139726.23667533585
2617,189364.84315204588
2618,200737.453943791
2619,205456.55599555236
2620,185246.48020169832
2621,177778.57954449512
2622,184343.45681117315
2623,238814.92125163198
2624,311602.30180729297
2625,303577.9398197722
2626,172876.67146686293
2627,174744.48243856957
2628,478569.1400692065
2629,514533.96919817774
2630,398804.35104230675
2631,470513.00923105323
2632,398853.81181288685
2633,319763.88725215674
2634,405602.33977705694
2635,161039.77479608785
2636,176622.48596661375
2637,181231.80960850936
2638,259254.37362345846
2639,180737.41050331527
2640,148856.55333683916
2641,104301.4178524905
2642,194755.59297469645
2643,107550.14945851552
2644,123323.54200285663
2645,110368.16010875482
2646,96956.18619288088
2647,107012.32666134616
2648,140762.71971122466
2649,148856.09326389228
2650,135739.86830322506
2651,140837.02854474538
2652,393012.82603558287
2653,256099.36776493688
2654,260174.95493422562
2655,381697.29870257643
2656,323238.9040750187
2657,337166.40741554816
2658,303152.28438369365
2659,321558.1885704276
2660,362819.72016169335
2661,368672.8427552922
2662,350461.8904652103
2663,293281.4815464561
2664,267439.96426476043
2665,320656.4285675323
2666,287720.41022686614
2667,173667.90669347777
2668,183726.5007923584
2669,187880.42138891353
2670,278162.1133087679
2671,190740.6582956391
2672,200428.25757115812
2673,195206.31771686274
2674,192508.18035751185
2675,184610.17862554296
2676,192060.9731902307
2677,196680.54777889696
2678,250634.195544757
2679,273215.0608867817
2680,287431.878216433
2681,361434.6140602373
2682,298299.7519378292
2683,456220.6916704819
2684,322827.6591241286
2685,313815.9670277476
2686,259393.46094782295
2687,297124.2077183462
2688,220772.84260542816
2689,215617.16029503001
2690,382049.8835083953
2691,184418.32442279867
2692,144657.85594439326
2693,208639.40354052495
2694,139937.00466686283
2695,188977.84177016
2696,180127.59069528428
2697,187851.7457109521
2698,172858.55366967406
2699,178618.36044239003
2700,161138.65542133586
2701,146621.9445656459
2702,112917.91486477076
2703,128693.06673862641
2704,143503.5774870064
2705,116373.02232942948
2706,106363.20497027917
2707,118623.09407675383
2708,132808.21140323151
2709,103125.32266679306
2710,123370.85229235231
2711,279082.2611515101
2712,367758.74492751574
2713,165584.3923480102
2714,145842.99531267956
2715,163710.9808714828
2716,143785.95961527305
2717,188291.82796004662
2718,214543.6913326021
2719,148287.0395689934
2720,173679.80964458082
2721,128394.91966689074
2722,160182.78757539374
2723,147106.9587027359
2724,130236.95786738541
2725,127573.54870581067
2726,150817.81396340617
2727,190439.33194789977
2728,177942.03788696244
2729,147132.2417572097
2730,145964.01084449567
2731,116642.97287212887
2732,133015.6433526744
2733,158318.56885570777
2734,145864.91425997362
2735,132402.97135948404
2736,139104.53108939616
2737,117472.58819292356
2738,141356.82228473667
2739,157207.05680374324
2740,132249.2756056048
2741,152729.98986158936
2742,154432.44369820104
2743,152452.33358783086
2744,159900.3005857461
2745,139255.45831189817
2746,139169.71104429456
2747,133302.4353262968
2748,115663.27633878741
2749,125907.64454220833
2750,132378.6055238293
2751,131194.3531889074
2752,200175.20152187083
2753,156141.67861792137
2754,212723.4387835848
2755,136970.45132394572
2756,89304.03946127738
2757,70031.01742873866
2758,85713.6244770396
2759,148366.7812072103
2760,129282.98548882191
2761,141436.5341253289
2762,147353.0854824869
2763,181451.55466706216
2764,147747.53621521467
2765,276565.9330763338
2766,119029.13874032702
2767,90685.63021037122
2768,129480.94543257904
2769,135022.3331679903
2770,141786.71677322392
2771,107789.79444644289
2772,110616.20150006014
2773,163215.26512939483
2774,144003.4801402183
2775,119973.31616100723
2776,140374.1324799951
2777,160428.78570598146
2778,99956.15198844348
2779,123771.40504418989
2780,102238.7698518806
2781,92073.45158520945
2782,92836.89021169895
2783,95550.23017802753
2784,124853.3737208877
2785,132193.24546966443
2786,65184.10493118896
2787,131855.37701881662
2788,77933.02765650465
2789,170371.96735605432
2790,94365.20660474432
2791,114741.92815512848
2792,63440.46663272756
2793,149976.0291757492
2794,99581.0398946844
2795,122787.99856297969
2796,99077.97298673698
2797,199236.53251972466
2798,105366.543256622
2799,108407.80079109267
2800,68859.34420577517
2801,94997.06167435946
2802,130528.13863213835
2803,167494.30658120097
2804,130799.07339101509
2805,94389.21729753414
2806,78256.19282986649
2807,170165.34838071387
2808,143247.06255592167
2809,135737.824313693
2810,127939.08794191439
2811,155018.8714819502
2812,170178.60135073803
2813,164894.11768904162
2814,166981.82236950757
2815,101405.16414482838
2816,223847.2300417246
2817,146362.89626211746
2818,130280.86498137216
2819,162963.789937771
2820,135189.32876862382
2821,102151.34034439984
2822,189014.30728717012
2823,313170.5162120489
2824,180272.70778808428
2825,144650.10081195217
2826,131211.1910273918
2827,143807.5548746052
2828,214431.77817331097
2829,197756.31753584274
2830,240948.54788322002
2831,182339.78329180882
2832,244015.89867616002
2833,305385.79469660815
2834,236158.3757262494
2835,234781.98040225057
2836,190406.73435960888
2837,166446.5202429288
2838,149101.29327192463
2839,168390.99801469198
2840,209894.0527215448
2841,203719.70626566384
2842,231390.40008377127
2843,153219.22359443916
2844,166544.14529877822
2845,117392.03743418494
2846,209905.1261789937
2847,212326.6755013115
2848,216414.4679276778
2849,198204.76632036586
2850,270223.12743344816
2851,215376.37465363674
2852,228644.26078953317
2853,231004.19155627154
2854,136796.7814359777
2855,199900.2862731851
2856,204039.01737281212
2857,188561.61489241963
2858,214233.5128667029
2859,125402.03370407957
2860,142521.92568433238
2861,136649.25159514253
2862,196110.3433543412
2863,130066.36417045863
2864,232357.47732711633
2865,155927.91110269746
2866,142801.96699010822
2867,101692.71256126581
2868,99815.93184680575
2869,101572.49341516025
2870,134614.4260520092
2871,89757.18889354981
2872,47317.58590064791
2873,103096.46403003484
2874,142839.77065455305
2875,122766.03873663866
2876,154922.1495047701
2877,133131.65485980987
2878,162538.7320927055
2879,138280.48426671184
2880,108247.05828098628
2881,149174.78637478114
2882,175650.9756252522
2883,196264.83533829727
2884,201436.06486705024
2885,184423.2880141961
2886,233056.70257094252
2887,94093.4435094548
2888,133806.25149422997
2889,58399.064509888325
2890,74638.65186423698
2891,132824.70862595728
2892,50147.54881117185
2893,89216.77335648949
2894,56105.14912014787
2895,336555.33973987645
2896,289048.2673336461
2897,223050.7164121147
2898,155907.11348917012
2899,198909.66062840138
2900,157461.99146240368
2901,211912.3317039675
2902,175740.8765239794
2903,310403.5846373532
2904,338606.06491932255
2905,76692.94082554117
2906,196880.0152270102
2907,112369.60145250344
2908,126448.23317850317
2909,159519.79875011943
2910,74654.4405199632
2911,87211.9052800005
2912,149133.3473133049
2913,86368.25693829314
2914,79183.15404497809
2915,86605.16882765235
2916,88825.3387855162
2917,163437.62505099035
2918,118684.17491047774
2919,221334.30707103942
