ID,SalePrice
1461,108561.64277466391
1462,148611.34772769973
1463,171633.9463546379
1464,190903.7936922815
1465,204760.05273181119
1466,173351.46184989103
1467,182661.84212035575
1468,167518.12139424984
1469,201115.59090909103
1470,124837.61960465291
1471,187860.7337169883
1472,107294.58308173047
1473,100349.70240001197
1474,145063.90363977742
1475,120148.46121737413
1476,341367.95636728476
1477,254847.38277965153
1478,292752.21953369403
1479,282529.678113328
1480,456660.7748060808
1481,341551.577786734
1482,230247.22367708312
1483,171894.43118139773
1484,178673.732739551
1485,201330.57884618576
1486,200801.09090187977
1487,324241.87452837144
1488,250935.59355332374
1489,187339.28468664223
1490,212084.0853362514
1491,193541.72326667362
1492,81581.59529583155
1493,204652.17377796173
1494,297447.09057164297
1495,293377.4416337227
1496,226364.29029027274
1497,177829.23724184427
1498,169055.20180557942
1499,166758.13198135965
1500,156626.98290456957
1501,175159.47369588545
1502,165092.174469222
1503,262338.20424619195
1504,249173.30531809657
1505,221944.29513369425
1506,188558.15246174886
1507,229755.62721039
1508,183550.7855309734
1509,158622.8621942494
1510,145225.52607617617
1511,145175.70629548095
1512,169629.74445578697
1513,145598.58550927986
1514,149127.28950040042
1515,195940.96370813472
1516,149580.466665574
1517,168036.76410588872
1518,132191.6140135842
1519,213329.17835523406
1520,129643.86519864154
1521,127708.56421561382
1522,179905.2402439829
1523,108915.24533135329
1524,120022.62381548395
1525,115679.27833577416
1526,118824.02136973072
1527,107511.34520501859
1528,141409.37505970473
1529,142427.76829314948
1530,197829.150232798
1531,121246.86311974177
1532,96389.6899343232
1533,140815.82728729764
1534,129911.67973360459
1535,139396.73195755458
1536,110085.54806201061
1537,64580.0217404911
1538,147703.65352055727
1539,197669.68783944056
1540,74556.43790464243
1541,145587.57253680422
1542,129667.98652467947
1543,176134.52874286802
1544,84421.90840147769
1545,121379.61543037608
1546,139906.84895536417
1547,123865.29264601033
1548,132017.16393939217
1549,128508.91777982963
1550,133243.06574734047
1551,111765.51009652943
1552,125853.95234867666
1553,139381.01369298942
1554,122338.15946832964
1555,151666.99728290856
1556,91730.59898616034
1557,101679.47004426399
1558,111879.89583415355
1559,95131.47945147323
1560,138371.13328471628
1561,104242.14288519514
1562,136387.3702945408
1563,124787.65771767558
1564,159282.0964773932
1565,153200.60014866336
1566,239747.1759184058
1567,79980.6302297552
1568,230587.61917563336
1569,119432.09690828806
1570,143865.4784619004
1571,122389.94005323041
1572,135993.3324111801
1573,211349.57707805192
1574,111196.61821872795
1575,224632.45241368675
1576,244062.03095521443
1577,186421.14382159058
1578,144570.84517404006
1579,142053.9301851496
1580,195468.84187035225
1581,147400.6965425967
1582,129719.99732416155
1583,285319.49707025994
1584,221711.89732325313
1585,147737.76569883365
1586,71483.36363027983
1587,103105.03249541839
1588,142940.91373237062
1589,99769.54604457183
1590,134969.23189369612
1591,92851.69678855414
1592,117016.46783589052
1593,129061.23623286045
1594,121393.42915647343
1595,109806.47055929978
1596,230572.95241282426
1597,188215.0056561127
1598,216950.57638450465
1599,186961.74669057946
1600,177223.61270234233
1601,64935.6117233386
1602,113889.71295091495
1603,75996.37299602691
1604,251458.40312623733
1605,254005.0251098803
1606,168918.6035977773
1607,176226.94370744613
1608,223345.25346126713
1609,184059.05709473437
1610,151149.52726634266
1611,148129.70629708085
1612,158224.2379861726
1613,158562.7053228816
1614,120613.25108878399
1615,89105.61293706491
1616,84051.80133151104
1617,96006.34673553078
1618,127318.7451878133
1619,142513.67343130926
1620,172025.3884195037
1621,140309.45829988507
1622,139973.83708144075
1623,262559.2536707401
1624,209655.55323950885
1625,123096.08040087111
1626,174825.2760531197
1627,184756.1987961752
1628,281519.0587266065
1629,188439.03821952146
1630,319861.5979080579
1631,224391.02986512054
1632,236330.27017485964
1633,189478.26221937357
1634,195610.04959088052
1635,185013.95921272642
1636,157843.07659134766
1637,183122.29478062905
1638,183559.49626927872
1639,180874.71023898802
1640,238555.27568557605
1641,183118.44498243992
1642,228613.04227289485
1643,221348.7816803867
1644,236572.3122782877
1645,197020.8819832059
1646,163033.8921716827
1647,166459.71943068114
1648,131616.31783488445
1649,137565.02749993475
1650,118559.58516098306
1651,127283.19177538903
1652,110104.85657800031
1653,110499.7832932461
1654,153689.09935872717
1655,144668.50771005722
1656,140358.9908081043
1657,152566.19188025003
1658,158301.69163667195
1659,132425.65715830517
1660,152828.32187786937
1661,414460.12416153756
1662,374129.548795329
1663,339015.28108084115
1664,486978.13363936346
1665,292423.76355278597
1666,322296.3660003922
1667,331731.73994192656
1668,318451.49596312386
1669,301393.19278333697
1670,325239.32325890544
1671,261495.78505253434
1672,396820.6220755767
1673,303131.5832297213
1674,259397.223540038
1675,199714.03265508136
1676,193493.19500958468
1677,226297.4387079738
1678,430078.76211200445
1679,355563.9998360788
1680,310500.4339657836
1681,245556.46237669638
1682,307435.08784606634
1683,205967.23370710367
1684,188271.58483584088
1685,178052.23314653273
1686,185724.32300713783
1687,181961.84473622942
1688,198087.98521628557
1689,200088.35151660634
1690,209229.0668319056
1691,203179.89803274517
1692,260515.01689053242
1693,179531.43234029962
1694,185234.03089570257
1695,173038.6962286497
1696,276699.39713359746
1697,175757.1835535256
1698,340444.45432736893
1699,323805.1479781484
1700,252523.89675403642
1701,275868.06070695777
1702,245977.25849230296
1703,257257.04790282814
1704,280796.60801037354
1705,244693.21910859717
1706,248797.19232379788
1707,200668.1386891631
1708,196135.74611997706
1709,256562.7359421432
1710,222307.05518093825
1711,269504.2716957278
1712,247955.02699148408
1713,248380.940261767
1714,216835.8402856528
1715,210819.7243469612
1716,176949.0735204945
1717,192113.72271747552
1718,134207.66698431852
1719,207118.72134956904
1720,241270.4075067112
1721,167887.18943888502
1722,121181.55671429708
1723,152073.4219304167
1724,205971.31490559896
1725,241756.42709276365
1726,188243.51085321978
1727,158836.1996640107
1728,192571.1305342314
1729,168508.7131882269
1730,163858.8539020911
1731,131679.31869717626
1732,124574.91941981981
1733,116164.35070447861
1734,122802.05031958413
1735,132727.70880459924
1736,112894.74165848905
1737,293120.4523820567
1738,231226.9091141235
1739,238795.7202619589
1740,203622.8298410351
1741,186391.1030927868
1742,172739.35324483473
1743,185152.80495859822
1744,281127.57215300144
1745,209434.53311032083
1746,203925.53078423758
1747,213763.37789132752
1748,212834.2219045554
1749,143434.9136772426
1750,130044.21806551081
1751,243264.3787655191
1752,118754.86869972193
1753,144932.9641892757
1754,203388.05385468501
1755,160719.8775062839
1756,127983.12984367771
1757,119440.15023926224
1758,144686.2890852418
1759,160384.09730910478
1760,166223.23131453054
1761,150400.38489945736
1762,167606.35741952766
1763,185285.74767881804
1764,125447.56072680267
1765,160619.11479447235
1766,182801.4258534836
1767,206602.73744720934
1768,139149.35623498348
1769,173812.62421569263
1770,152340.28422695133
1771,122054.7656415018
1772,135838.61638053186
1773,123391.36341949926
1774,148211.27284638802
1775,147869.26906935193
1776,128220.41562542654
1777,107401.39017983887
1778,140992.30176078735
1779,122158.50712440185
1780,179623.85414073998
1781,125537.9913642952
1782,93133.29290738657
1783,145821.42336007496
1784,111545.52235981324
1785,109961.22245333242
1786,145305.3762207065
1787,170900.60069029158
1788,63232.828235382985
1789,99422.89450250713
1790,85689.24691736966
1791,194630.44789129103
1792,153386.1496793552
1793,144880.53374998187
1794,163759.83623807735
1795,132821.14406233476
1796,131569.9562586232
1797,124145.59030030307
1798,121589.63181174797
1799,115576.40492637777
1800,128772.69424924967
1801,120288.75810721914
1802,148031.76336269267
1803,152329.6693306413
1804,142108.92978648943
1805,141158.0824799967
1806,130045.39270679618
1807,143369.96456698817
1808,121744.08746931645
1809,115403.61086839123
1810,134141.20167939254
1811,90055.60758318359
1812,95826.293975038
1813,120261.88859102824
1814,89567.54431249124
1815,62308.118367214294
1816,88893.94393181131
1817,112269.89408196021
1818,139424.0322349318
1819,134084.37542370294
1820,67161.31757046825
1821,115859.35000455669
1822,153821.35073359738
1823,47636.536835455605
1824,117024.04167284728
1825,135786.2221206501
1826,110921.32651076539
1827,101383.89730804609
1828,129646.20081186411
1829,130333.03449005866
1830,142622.67413475562
1831,148238.43019251025
1832,98392.18703134995
1833,134653.06380804876
1834,127434.4324159831
1835,119479.64348228353
1836,109974.24159364469
1837,85667.05189984902
1838,123574.64338167389
1839,103799.77411128528
1840,142095.27753691043
1841,137487.52555178694
1842,88833.96426420061
1843,128185.5004079341
1844,155641.1910222787
1845,140112.68622568634
1846,153583.50717929637
1847,157239.13874732915
1848,64334.4822636265
1849,113793.47004710147
1850,118291.85243273896
1851,144818.95435828026
1852,125830.259282158
1853,130359.7861183211
1854,169356.11251614874
1855,160370.72168994456
1856,231580.1531181501
1857,148231.03732144483
1858,137032.06885966397
1859,128658.95324617301
1860,146443.87991616028
1861,128149.89736765296
1862,326155.7544252553
1863,308945.8365440066
1864,308954.90002245683
1865,308065.3340061595
1866,300116.73763687623
1867,225617.66335597856
1868,261915.2741707097
1869,205765.60664240707
1870,225772.05193853483
1871,251567.71418649043
1872,176151.99687604702
1873,239467.4338939051
1874,143036.07088933824
1875,192875.86390374583
1876,195311.25114949353
1877,205074.49751811498
1878,201625.96630364837
1879,126663.00357835455
1880,134245.9098288158
1881,231089.85285897474
1882,237353.3962334838
1883,189671.32239838722
1884,200205.81277726384
1885,230541.23833214698
1886,266638.9753507508
1887,210413.97175202926
1888,260096.52640065472
1889,173569.666844859
1890,116916.84147035248
1891,142467.70345763196
1892,100244.64608295624
1893,123858.47758970343
1894,119152.30214745886
1895,131040.04419980964
1896,124122.84743650415
1897,114754.58683999318
1898,126370.66469962378
1899,150687.94472262272
1900,162192.61735480977
1901,166489.5878776634
1902,146287.22198570325
1903,227715.98883694684
1904,139239.5829626422
1905,194716.0319901471
1906,152955.73203574665
1907,197085.62544035746
1908,113664.43491172772
1909,145664.7973813037
1910,121902.61577657089
1911,219836.64535551966
1912,300503.08760208875
1913,134763.8606547515
1914,68441.22592217298
1915,263134.8577781126
1916,58638.09109066884
1917,253727.51191173174
1918,146047.92216546088
1919,177758.53413721855
1920,157789.8115874778
1921,327053.21421298344
1922,284172.67983310344
1923,219716.72823971318
1924,234187.75308620094
1925,202942.02185634218
1926,323903.90577798936
1927,130942.89980053766
1928,158009.74582312323
1929,117365.69097716839
1930,141689.7021137156
1931,139974.0785019292
1932,139215.48646924057
1933,171012.04973631926
1934,180594.07485257144
1935,175190.25913028728
1936,186215.5227584831
1937,186838.08250602175
1938,170183.92091847095
1939,246673.1155031137
1940,196809.52488120963
1941,169158.77928595326
1942,186926.97792220258
1943,227948.75014783684
1944,325102.5564702351
1945,346852.7981966585
1946,136865.01619667714
1947,175779.85555108855
1948,160159.59040933682
1949,223438.12663554563
1950,185500.16969669051
1951,253916.4469368737
1952,212832.86714610437
1953,170673.07229619034
1954,185235.1583010792
1955,138976.298421994
1956,305765.5101155123
1957,153637.98407226792
1958,286578.92601297284
1959,145193.9761080527
1960,109620.0198164707
1961,128934.02016215165
1962,105571.23478051038
1963,112255.76545644077
1964,107246.11067551229
1965,151190.15731160672
1966,142373.80998390034
1967,288430.69062950736
1968,383205.80909673206
1969,351546.39510801045
1970,397358.4508212659
1971,463541.2501185348
1972,354037.8072526629
1973,290435.5225399975
1974,321024.4407559866
1975,441441.674359582
1976,285239.10556875594
1977,347474.8473483017
1978,344470.9027911521
1979,325312.6932780387
1980,201585.20034817906
1981,321238.9175881837
1982,240497.42407190334
1983,227425.1870827359
1984,180110.60320466006
1985,236572.65061585332
1986,211334.95609875282
1987,198430.92222396546
1988,179648.91804794385
1989,199701.1605335184
1990,211986.4446063335
1991,234283.4877200944
1992,213483.26824318524
1993,181425.08941552648
1994,223748.28914953914
1995,186093.33276992664
1996,255551.81721978504
1997,294074.61998669786
1998,293685.3176396278
1999,278498.67079629283
2000,307623.4048072336
2001,279161.3128696114
2002,242821.24301673868
2003,265814.5504432438
2004,298709.8370144215
2005,226704.01555027624
2006,222797.15492417928
2007,245420.14708989888
2008,211115.83016830598
2009,196113.47921692327
2010,194262.4280343823
2011,143193.73322832974
2012,176957.3351982525
2013,177580.13741396242
2014,183829.7794024746
2015,209967.2221627373
2016,192462.63345876566
2017,200823.16743432995
2018,127995.90670775042
2019,131266.82828361643
2020,111322.29618196905
2021,111827.68657988333
2022,173297.9017645277
2023,137079.46939415313
2024,271762.26187937905
2025,370674.8824346164
2026,183227.75284810408
2027,166029.23049149866
2028,160100.68371808622
2029,158346.15260164242
2030,256195.552954324
2031,234861.39202208637
2032,240695.41705859423
2033,246189.42931177234
2034,171866.61881843768
2035,217874.45601409004
2036,199647.1281289442
2037,200566.2477500369
2038,306488.21075539873
2039,243159.438324372
2040,279879.1931725505
2041,255593.03225963432
2042,205458.50383372986
2043,170267.1772405563
2044,176668.0105632174
2045,203622.89376132507
2046,140932.28889607033
2047,135735.9726570603
2048,149711.83588467856
2049,146299.0633022933
2050,173533.85884334685
2051,113603.16043856241
2052,130251.71587112895
2053,149114.1563068471
2054,100237.43680307486
2055,140857.7802777684
2056,149044.57931588462
2057,119351.94686858113
2058,207683.69860515106
2059,136098.96227777092
2060,165417.00057153165
2061,168998.72439942905
2062,130560.69524437228
2063,122136.85761054872
2064,132183.0648278668
2065,112847.12765322371
2066,166889.23816497572
2067,119393.62893788645
2068,148906.0561945222
2069,88338.98110616388
2070,110106.74861304185
2071,100448.85930422576
2072,147961.6113998558
2073,130834.24721429223
2074,183887.33737398722
2075,143822.81336974225
2076,122042.72750244463
2077,146712.65398110743
2078,123145.7165274519
2079,139888.20755889767
2080,119288.75333276764
2081,132038.57903774414
2082,115567.70540655455
2083,144269.47470772217
2084,109612.05275858137
2085,116780.68975937054
2086,119564.93499767863
2087,124860.7635888488
2088,108412.92004065494
2089,84273.89277490567
2090,139595.17989495164
2091,105813.58763467647
2092,123410.35868479405
2093,108409.61259696513
2094,113479.79446309975
2095,140794.7156017625
2096,83534.44023977617
2097,104985.13813457024
2098,138508.77308976147
2099,64409.71903043499
2100,91678.62821539633
2101,116513.99575919236
2102,131553.00496793396
2103,109171.45189120118
2104,145695.26351669713
2105,124490.55860276232
2106,72794.81194104993
2107,195044.74291928
2108,118923.73324944731
2109,105154.13762050294
2110,124016.22653202567
2111,141949.4214620528
2112,137372.77360511068
2113,120632.94073471756
2114,123409.68467038605
2115,154512.19153099495
2116,112221.742407428
2117,148232.24432115725
2118,128137.89963629148
2119,117777.719715065
2120,123154.99607539034
2121,92361.82955615806
2122,107277.65761495139
2123,89917.21665581038
2124,163992.3280683062
2125,132886.5262194782
2126,158511.34987581926
2127,152137.35084956925
2128,126980.3380237459
2129,92321.10897881773
2130,115476.34286175661
2131,139637.46477957387
2132,109906.09265798553
2133,110587.98301453546
2134,114080.55408939943
2135,85304.22491181201
2136,60955.66453741743
2137,107431.22826386476
2138,127493.21452701701
2139,155263.69016596812
2140,139678.99115415485
2141,163483.566964098
2142,126979.20365017538
2143,149664.76252308962
2144,116059.528264576
2145,134599.94288348997
2146,154536.93442888724
2147,139404.94984311136
2148,155549.8716918466
2149,140456.58303258586
2150,231652.82930470508
2151,127545.4087807815
2152,143883.96498852724
2153,155867.23666667074
2154,100946.60659739366
2155,136009.80057632798
2156,233333.95140317795
2157,228067.04518743773
2158,241307.5741961872
2159,209989.6534967489
2160,191497.14398574672
2161,234553.51267915923
2162,352927.2932810506
2163,308223.25457531266
2164,261624.47406378368
2165,207980.38528260082
2166,148469.3197254465
2167,212912.81327564816
2168,183668.2640464221
2169,194435.23669700572
2170,215743.93566433902
2171,145433.8473780613
2172,133151.85983369494
2173,173958.8427439034
2174,219579.73743462586
2175,303363.2621853931
2176,295576.6870505485
2177,239735.18093607295
2178,212928.40331433245
2179,145588.94545488223
2180,205639.4694860078
2181,192082.85541690365
2182,215596.72096829562
2183,191765.2206831201
2184,118074.57933021078
2185,129536.79654518595
2186,142383.73096039018
2187,159569.90973185463
2188,156477.64912957654
2189,245493.47740842513
2190,78779.4064593435
2191,83534.11576753414
2192,88293.95274998252
2193,108989.03864827755
2194,108066.59538022825
2195,103402.03536734865
2196,98875.63362701244
2197,111841.7976596513
2198,140276.8302319222
2199,188697.92179319056
2200,159665.54385574252
2201,158437.75377499175
2202,214039.51300054547
2203,134515.6784205718
2204,169614.8259470089
2205,121016.48576360759
2206,133637.08324585517
2207,209514.60451168322
2208,263327.43017755076
2209,212582.468445542
2210,123809.68591722184
2211,105922.25111909222
2212,111752.1375853652
2213,95020.3203471411
2214,117135.13587991944
2215,92025.34142805834
2216,129224.3862599187
2217,68273.83448322323
2218,81224.3209925677
2219,81065.1871982803
2220,85674.77080661338
2221,263538.48754776345
2222,241102.1234967179
2223,262260.2641741898
2224,211256.79603195513
2225,135996.67485389448
2226,170537.24451255804
2227,203964.9188622116
2228,258071.5430810411
2229,246106.67028247492
2230,149871.0736377701
2231,208568.5910549706
2232,172620.606030998
2233,177785.38681280092
2234,232989.02220002687
2235,200898.46060175428
2236,248516.11884060685
2237,284567.54741685337
2238,212176.50879915265
2239,110133.92850025541
2240,152308.05885217694
2241,148518.79324259734
2242,119623.66998326987
2243,120294.05105551367
2244,105581.40866187129
2245,101688.52571299818
2246,136998.09349158427
2247,112022.55689091611
2248,124861.4731080334
2249,127818.54164326284
2250,128456.83060818438
2251,117484.12041691133
2252,169927.97027749862
2253,161083.9966540726
2254,188503.5418979761
2255,191083.9527187448
2256,189131.75155083823
2257,203959.73658183255
2258,166661.26688810144
2259,183074.8484207571
2260,150675.69117801334
2261,214139.57288991995
2262,220962.62192834605
2263,326874.03965121665
2264,431682.6803740316
2265,169853.31930635645
2266,276151.3011058154
2267,321362.22620052495
2268,379825.74282824906
2269,155732.1099405749
2270,200538.72722639548
2271,205590.5050443031
2272,205186.41985800499
2273,160642.61102634636
2274,180769.93106042378
2275,152612.0203471487
2276,195328.60658651998
2277,178613.28177769712
2278,147733.77052203426
2279,130067.88651046607
2280,112527.62973287066
2281,160702.17903979344
2282,177212.101882807
2283,110292.2005548066
2284,112083.86142101364
2285,137115.53445711877
2286,124278.71535294029
2287,351092.93417010567
2288,270464.85337918636
2289,356657.9893343107
2290,419319.20923177025
2291,317387.72888961923
2292,418909.00419928756
2293,433255.2975446695
2294,393075.2235339959
2295,468303.60287718783
2296,274457.1466560899
2297,337053.27999338345
2298,317728.6437373008
2299,341913.26712588803
2300,324479.94758043665
2301,300642.1174124676
2302,255356.95413474494
2303,265151.29792915116
2304,264189.06952360674
2305,197266.38138356654
2306,191273.19063514983
2307,209456.7094856209
2308,229588.86747920554
2309,274988.32770764915
2310,235875.40600519866
2311,223828.1311864996
2312,173109.3332274199
2313,174575.55371161745
2314,175562.975233678
2315,183131.10825053707
2316,204162.59943210764
2317,183424.69550873246
2318,179315.64857344487
2319,191850.13104943855
2320,185323.2744265825
2321,255121.55038944047
2322,192990.9865687633
2323,201856.26905275392
2324,196248.7521630005
2325,208007.3992549869
2326,184789.79687946822
2327,206693.21487386248
2328,222129.59319019786
2329,190684.87850233438
2330,180595.60236347388
2331,337438.0929961831
2332,395490.3887649784
2333,325489.2102075361
2334,255979.46495241835
2335,277759.34634234884
2336,301211.9884692559
2337,194370.786098081
2338,264563.3107724492
2339,240290.46133308212
2340,364357.3045376275
2341,221029.18620436374
2342,248311.0958470918
2343,240028.7313379332
2344,230786.90125077084
2345,250764.95395314877
2346,217437.75869105928
2347,193749.5455199597
2348,240890.25256321192
2349,171488.92126698772
2350,280454.4610596612
2351,229800.8169755237
2352,242968.83199502766
2353,232547.30571354984
2354,136024.69795383676
2355,149280.7275152177
2356,151877.70679307616
2357,189985.3494266778
2358,192703.8081944716
2359,138069.1913240176
2360,125190.62023147506
2361,145148.39458111388
2362,261975.35368470268
2363,147620.6347527282
2364,169647.640881635
2365,225903.55130308334
2366,210923.20415020085
2367,231711.44368446607
2368,211170.87523380155
2369,220633.15788877377
2370,162049.7741355693
2371,156829.02769831487
2372,185060.20393656366
2373,268952.71759550716
2374,292577.79938440264
2375,253223.4135382571
2376,265094.20092316216
2377,324105.439819576
2378,146551.08835466582
2379,197998.50153420566
2380,147989.14707692794
2381,169582.99607852168
2382,205288.06345098358
2383,193956.9728504951
2384,234009.24461987353
2385,167244.44513387867
2386,138801.78006090666
2387,135414.71447603623
2388,107470.87707484388
2389,131507.28054159784
2390,150266.9108284952
2391,146766.8035972439
2392,113099.93597256609
2393,168797.89062098725
2394,151198.91636495435
2395,203676.72024693128
2396,145411.53270586216
2397,203616.2879040413
2398,138035.99234803373
2399,65867.44613981135
2400,78086.61319155974
2401,119295.22347275956
2402,137988.9815009839
2403,148413.57091712643
2404,147489.75374179144
2405,161115.63696815536
2406,144736.35879216756
2407,128986.62744625566
2408,150944.54634323166
2409,122582.8168876448
2410,172048.45714748852
2411,119440.84937501137
2412,142159.7527427768
2413,130290.40780265503
2414,141276.10990551297
2415,137554.85384915423
2416,130785.29714172355
2417,133463.71825930287
2418,131755.46430091516
2419,128660.80505518681
2420,127155.58597358257
2421,140792.55593405725
2422,110401.43636977297
2423,119687.72998314544
2424,161797.11692043548
2425,206991.74852706047
2426,131623.95281331983
2427,124578.30645619855
2428,184037.28976882313
2429,116968.89354255547
2430,136857.73264172877
2431,107223.94201417423
2432,147683.6020414466
2433,138013.069973512
2434,138323.4842444378
2435,147999.7042440549
2436,113030.22718419087
2437,112956.80961190836
2438,127084.7892114797
2439,106110.91084359697
2440,127373.08563832314
2441,96003.75521865184
2442,103096.65252168315
2443,110202.06533156925
2444,129093.65046070803
2445,93406.22392001834
2446,120938.07247176612
2447,173719.489874593
2448,131527.0640501803
2449,122409.14377240275
2450,147706.7705548815
2451,129517.05991950151
2452,177354.16776217733
2453,96801.1381166493
2454,117246.7691308526
2455,123996.87979965383
2456,120045.34222482367
2457,128690.38118880341
2458,131184.92777301834
2459,109554.48037798695
2460,151469.240160834
2461,123042.62897027086
2462,129809.67752239072
2463,130522.96884146001
2464,157617.91077624148
2465,141583.69802215692
2466,115965.76638416028
2467,144176.9712477788
2468,91531.0408377859
2469,80278.8957271923
2470,162725.66853215673
2471,184940.95595241533
2472,148608.15755320186
2473,108437.3851701012
2474,88243.65078166676
2475,212478.5344527094
2476,118004.41851810232
2477,124068.88892990972
2478,155392.1903776647
2479,99457.65560252416
2480,150104.05017394066
2481,123508.8541109135
2482,131088.10905768583
2483,116429.81399555173
2484,131070.50931317889
2485,126600.52312391014
2486,149476.7307533839
2487,168219.5836370495
2488,169271.3490822197
2489,157074.48000388197
2490,137200.0749295433
2491,96717.22175780678
2492,187064.7605463761
2493,148261.89892892147
2494,135939.74254544216
2495,84446.28766454961
2496,234686.24913047062
2497,146057.595032315
2498,114480.97096333675
2499,88590.62146774567
2500,124791.99676522927
2501,129568.4685915879
2502,129561.3623688616
2503,94345.13290696421
2504,161523.00988816767
2505,227571.2544989999
2506,247800.70349219383
2507,275078.4173904414
2508,245078.7319729846
2509,217235.5938490159
2510,223418.15961346752
2511,179057.09738482288
2512,207850.4928099911
2513,224458.93884623167
2514,280459.2072500024
2515,148515.74534702717
2516,176847.65117874905
2517,144671.20596063798
2518,149013.8811903858
2519,241646.38098708427
2520,226967.35503614537
2521,189803.2193611439
2522,226599.6501501087
2523,120708.50527787107
2524,138429.7037599674
2525,140757.07764062565
2526,139313.29943123218
2527,126887.12919862571
2528,125187.7286371094
2529,144310.39754545465
2530,126949.33361837416
2531,243296.3415603346
2532,225084.65347970274
2533,200477.35143313208
2534,236432.47483858283
2535,280558.1511057223
2536,220955.07794082223
2537,247801.9112482523
2538,189557.13643643784
2539,192184.12948723094
2540,181564.80201931723
2541,190700.1553139472
2542,160884.16316632557
2543,128615.20967113088
2544,112355.55466567368
2545,134318.44470199343
2546,130982.0723293313
2547,141560.61402432536
2548,158743.81922268693
2549,156830.0380451292
2550,826044.9371498591
2551,145491.95052309078
2552,129992.52835603215
2553,73747.74892043734
2554,92721.1611576593
2555,126364.42351907985
2556,99556.6300243868
2557,108465.79442267823
2558,117541.3804869184
2559,128483.9933746398
2560,169870.71215526367
2561,163042.58328331058
2562,136047.87297366126
2563,148829.68036847157
2564,213236.2205178924
2565,154083.2445685641
2566,159935.73281018325
2567,149932.9727007317
2568,192252.68523288018
2569,204684.95570848323
2570,120908.18449568213
2571,173560.1376930535
2572,168649.98144880147
2573,221417.42755995624
2574,267789.4831706633
2575,126158.76232875431
2576,111366.40197153109
2577,116916.74621551092
2578,81811.09441694224
2579,66761.5614931053
2580,99015.46636425842
2581,109703.84270741633
2582,108023.30530231282
2583,268006.08833406126
2584,175382.2879439359
2585,186481.0731589233
2586,219223.502764561
2587,201493.94259269678
2588,143876.79625970492
2589,152147.66454318113
2590,211483.1798036646
2591,206031.13306762752
2592,209580.01824080385
2593,231753.1049198724
2594,187777.03147353115
2595,201646.72709729927
2596,277319.93594177696
2597,178890.37218143267
2598,279518.2384002899
2599,312157.72678790416
2600,147434.3623322148
2601,146088.80027226987
2602,87386.1516663832
2603,96021.95052232758
2604,91063.5076615162
2605,76512.04260523364
2606,147143.8087703308
2607,213827.59378648148
2608,178682.1751738476
2609,169123.26259687878
2610,109169.75975595419
2611,100601.71694241943
2612,155498.02492533016
2613,131656.28016570336
2614,123113.73582808439
2615,161445.83101011234
2616,151429.24091034353
2617,172085.10140169313
2618,191106.5120342666
2619,195644.7084182275
2620,190692.82102003603
2621,175917.7898601502
2622,179759.7453631051
2623,243440.79448167482
2624,307187.23686988774
2625,276384.88810367644
2626,170618.3031383905
2627,175393.66210152608
2628,431745.58487484
2629,471612.67119895463
2630,375956.7368079471
2631,438653.8862035014
2632,358801.2608270568
2633,288517.7294811449
2634,364342.2308115829
2635,157582.83923684736
2636,183114.63284752594
2637,184460.57312332498
2638,250578.48365974697
2639,186363.82368149617
2640,148748.37432483127
2641,111687.37459225427
2642,178362.46351750946
2643,117058.39626126178
2644,129428.67816449818
2645,112215.43791644403
2646,104536.2724481514
2647,114067.4727631731
2648,151823.87735806545
2649,145195.78386630912
2650,140164.57165189157
2651,145355.12177153578
2652,389688.6502234806
2653,258380.1792770604
2654,250691.0409585535
2655,363147.9265847185
2656,321434.2719769554
2657,331698.1916857236
2658,284069.62100216176
2659,320233.9820445396
2660,343005.7212862836
2661,345128.9063057599
2662,338243.41810228
2663,301695.6070254451
2664,273283.8260132448
2665,318487.9527918814
2666,293457.3377163684
2667,178210.4163688754
2668,187453.6171269723
2669,178005.2259359366
2670,271257.2740894967
2671,194538.21576629605
2672,207636.3159015842
2673,205858.6920495943
2674,199592.8952320118
2675,193315.5056834758
2676,197257.77145384185
2677,193391.40829422697
2678,251812.50092363302
2679,283265.9013941907
2680,288761.79165335203
2681,368326.3837265742
2682,313370.33790850686
2683,495294.52714826213
2684,328850.3403202503
2685,334924.0473367972
2686,257950.41393754657
2687,299578.0856969839
2688,224271.5155373686
2689,212622.69453237593
2690,357117.3166966951
2691,184330.30476275683
2692,140034.87445303338
2693,193974.28394042718
2694,135375.87876543702
2695,197441.926802113
2696,188591.9699355705
2697,176394.8420301622
2698,200396.8901730665
2699,176341.269296085
2700,161469.24456896595
2701,159742.12216323215
2702,127112.98275121095
2703,137418.80908129655
2704,145373.49873718258
2705,120366.64438130001
2706,113947.229328522
2707,131029.3672988657
2708,128703.38928804867
2709,99854.78507103349
2710,123151.20076082578
2711,266338.2733582375
2712,367862.62103303894
2713,175951.15799155456
2714,153465.55012269944
2715,165690.33713545627
2716,158780.3959861455
2717,185903.2084614577
2718,217108.86793449763
2719,150140.61076880837
2720,182508.1524460749
2721,133252.87209564832
2722,159664.56390386395
2723,149001.18598294383
2724,128719.0733236373
2725,130380.58223223304
2726,138486.66032413745
2727,180642.7157072494
2728,184110.17964174435
2729,148323.45550258073
2730,138956.5790189081
2731,122734.99036310529
2732,124243.56819934145
2733,155747.59745236277
2734,136991.69351033666
2735,132778.30356541005
2736,140350.34691178182
2737,118739.57445753727
2738,140143.13938366633
2739,161597.12155745254
2740,135625.16127484143
2741,135307.00557424084
2742,153251.91634702953
2743,146619.73684245886
2744,159589.62493902634
2745,145727.9068228396
2746,135305.78979678603
2747,146065.19127194447
2748,125927.55843124945
2749,131457.771988125
2750,132842.5958750355
2751,135581.81080099175
2752,200470.03925637584
2753,155182.67938161563
2754,216785.0649795485
2755,138887.33007189972
2756,91080.14184624958
2757,67184.43501965688
2758,102095.09168621937
2759,152239.00135567915
2760,122145.72215179932
2761,140408.7577978972
2762,145309.6055968403
2763,190693.04801388914
2764,163050.5140651249
2765,268484.7944583069
2766,123288.11864946492
2767,92911.23826923595
2768,124007.27174592618
2769,128070.5507960391
2770,153617.9198153899
2771,113524.41975820242
2772,113432.4048167343
2773,149355.84316020407
2774,132135.769900221
2775,115245.44107709076
2776,143990.8867384689
2777,162275.27885748626
2778,112864.68087966347
2779,117999.73166783695
2780,97584.26738320166
2781,90657.2117300567
2782,97219.54955722306
2783,98205.71989676877
2784,122850.329548735
2785,130308.92047143032
2786,77377.86534744012
2787,121636.51263037288
2788,79743.06102126629
2789,174716.43503744472
2790,94574.5025690271
2791,112897.90431371264
2792,58736.20451641214
2793,138461.43159576054
2794,101304.29802622531
2795,121699.31737827255
2796,99563.21358601499
2797,166176.77787234646
2798,107767.8894372441
2799,104263.81457024651
2800,68655.4635130809
2801,94783.99795899153
2802,121778.17152995135
2803,158860.6808848656
2804,135005.54700917224
2805,92802.95149300699
2806,84950.08122741153
2807,164340.4444837007
2808,138296.41847859795
2809,128928.6837651903
2810,128520.69752297174
2811,158888.6860115507
2812,178387.8208322522
2813,159948.99364861468
2814,162201.93812321653
2815,96409.04083788201
2816,207948.16838581674
2817,150376.75109840167
2818,127436.72256241152
2819,179206.22657344383
2820,129926.75135194352
2821,109379.2535430195
2822,179063.90201609698
2823,285670.2087711494
2824,163187.43262866465
2825,147891.61566474804
2826,120934.73205128299
2827,135640.56283813066
2828,211030.21089610114
2829,216024.3263446849
2830,227253.58880197443
2831,180237.52229899474
2832,223724.592358267
2833,273869.50177285017
2834,217637.2152448524
2835,225206.1557031761
2836,190040.81757985137
2837,166173.08758811318
2838,140142.7025421783
2839,174002.63275219884
2840,200208.48206863465
2841,201694.35501383612
2842,224972.85591021192
2843,145112.59617437812
2844,174907.7813611806
2845,119511.3418258716
2846,207962.70086627774
2847,208215.61045056986
2848,210246.11363969184
2849,197958.55500833417
2850,278749.4714795115
2851,206479.04742449967
2852,225536.06016194657
2853,233097.33379838426
2854,148020.93625009854
2855,201872.71628928668
2856,200859.358538618
2857,189038.42296348154
2858,205118.19939183915
2859,125546.45531627705
2860,128697.92743974451
2861,119104.5653853947
2862,187178.84293805223
2863,127541.105779758
2864,215479.28060478295
2865,147859.6180289894
2866,139788.52535432356
2867,99339.2474713958
2868,99429.23696908366
2869,95103.79455310779
2870,123151.86169394013
2871,86900.69332412757
2872,51412.75236589112
2873,100115.67497135069
2874,138452.67577054072
2875,110603.50991814671
2876,167055.71548946068
2877,135462.19730316557
2878,155094.19295760806
2879,137276.6337756089
2880,107398.31289504856
2881,149454.89790020435
2882,155775.93213688646
2883,199243.9966556849
2884,213330.2963458419
2885,178096.49283291266
2886,220333.75013846942
2887,83846.35209585345
2888,127245.51899602749
2889,59996.61021892747
2890,78246.95066644935
2891,123825.05033766717
2892,53698.17715178898
2893,78075.53218388074
2894,67352.03632276782
2895,287912.2139801717
2896,259495.68206799368
2897,192360.29816638416
2898,158793.77912816528
2899,204754.0459596146
2900,157918.2324538306
2901,187509.81724010708
2902,180286.06729484568
2903,299171.6294025934
2904,321975.2503863403
2905,73043.0480852047
2906,217256.5692615292
2907,107873.85121031062
2908,135286.98948874927
2909,159391.24542675688
2910,82092.8460951167
2911,92675.81025999409
2912,149099.33117248942
2913,83132.35224519581
2914,79924.32450562099
2915,84149.116699436
2916,88758.26614838526
2917,161130.2264953626
2918,115797.0919023382
2919,225716.5850369392
